xvert,yvert
1.3381231,103.698006
1.3348258,103.69822
1.3357092,103.699
1.3390065,103.69879
1.3381231,103.698006
1.3348258,103.69822
1.3315283,103.698425
1.3324119,103.69921
1.3357092,103.699
1.3348258,103.69822
1.3315283,103.698425
1.328231,103.69864
1.3291146,103.69942
1.3324119,103.69921
1.3315283,103.698425
1.328231,103.69864
1.3249336,103.698845
1.3258171,103.69963
1.3291146,103.69942
1.328231,103.69864
1.3390065,103.69879
1.3357092,103.699
1.3365928,103.69978
1.3398901,103.69957
1.3390065,103.69879
1.3357092,103.699
1.3324119,103.69921
1.3332953,103.69999
1.3365928,103.69978
1.3357092,103.699
1.3324119,103.69921
1.3291146,103.69942
1.329998,103.7002
1.3332953,103.69999
1.3324119,103.69921
1.3291146,103.69942
1.3258171,103.69963
1.3267007,103.70041
1.329998,103.7002
1.3291146,103.69942
1.3398901,103.69957
1.3365928,103.69978
1.3374763,103.70057
1.3407736,103.700356
1.3398901,103.69957
1.3365928,103.69978
1.3332953,103.69999
1.3341789,103.700775
1.3374763,103.70057
1.3365928,103.69978
1.3332953,103.69999
1.329998,103.7002
1.3308816,103.70099
1.3341789,103.700775
1.3332953,103.69999
1.329998,103.7002
1.3267007,103.70041
1.3275843,103.701195
1.3308816,103.70099
1.329998,103.7002
1.3407736,103.700356
1.3374763,103.70057
1.3383598,103.70135
1.3416572,103.70114
1.3407736,103.700356
1.3374763,103.70057
1.3341789,103.700775
1.3350625,103.70156
1.3383598,103.70135
1.3374763,103.70057
1.3341789,103.700775
1.3308816,103.70099
1.331765,103.70177
1.3350625,103.70156
1.3341789,103.700775
1.3308816,103.70099
1.3275843,103.701195
1.3284677,103.70198
1.331765,103.70177
1.3308816,103.70099
103.740585,1.3329935
103.74136,1.3332034
103.74115,1.333987
103.74037,1.3337771
103.740585,1.3329935
103.74136,1.3332034
103.74214,1.3334134
103.741936,1.3341969
103.74115,1.333987
103.74136,1.3332034
103.74214,1.3334134
103.74293,1.3336233
103.742714,1.3344069
103.741936,1.3341969
103.74214,1.3334134
103.74293,1.3336233
103.743706,1.3338333
103.7435,1.3346168
103.742714,1.3344069
103.74293,1.3336233
103.74037,1.3337771
103.74115,1.333987
103.740944,1.3347706
103.740166,1.3345606
103.74037,1.3337771
103.74115,1.333987
103.741936,1.3341969
103.74172,1.3349805
103.740944,1.3347706
103.74115,1.333987
103.741936,1.3341969
103.742714,1.3344069
103.74251,1.3351904
103.74172,1.3349805
103.741936,1.3341969
103.742714,1.3344069
103.7435,1.3346168
103.743286,1.3354003
103.74251,1.3351904
103.742714,1.3344069
103.740166,1.3345606
103.740944,1.3347706
103.74074,1.3355541
103.73995,1.3353442
103.740166,1.3345606
103.740944,1.3347706
103.74172,1.3349805
103.741516,1.335764
103.74074,1.3355541
103.740944,1.3347706
103.74172,1.3349805
103.74251,1.3351904
103.742294,1.335974
103.741516,1.335764
103.74172,1.3349805
103.74251,1.3351904
103.743286,1.3354003
103.74308,1.3361839
103.742294,1.335974
103.74251,1.3351904
103.73995,1.3353442
103.74074,1.3355541
103.740524,1.3363377
103.739746,1.3361276
103.73995,1.3353442
103.74074,1.3355541
103.741516,1.335764
103.74131,1.3365476
103.740524,1.3363377
103.74074,1.3355541
103.741516,1.335764
103.742294,1.335974
103.74209,1.3367575
103.74131,1.3365476
103.741516,1.335764
103.742294,1.335974
103.74308,1.3361839
103.74287,1.3369675
103.74209,1.3367575
103.742294,1.335974
103.74069,1.3270274
103.74148,1.3272374
103.741264,1.3280209
103.740486,1.327811
103.74069,1.3270274
103.74148,1.3272374
103.742256,1.3274473
103.74205,1.3282309
103.741264,1.3280209
103.74148,1.3272374
103.742256,1.3274473
103.74304,1.3276572
103.74283,1.3284408
103.74205,1.3282309
103.742256,1.3274473
103.74304,1.3276572
103.74382,1.3278673
103.743614,1.3286508
103.74283,1.3284408
103.74304,1.3276572
103.740486,1.327811
103.741264,1.3280209
103.74106,1.3288045
103.74028,1.3285946
103.740486,1.327811
103.741264,1.3280209
103.74205,1.3282309
103.74184,1.3290144
103.74106,1.3288045
103.741264,1.3280209
103.74205,1.3282309
103.74283,1.3284408
103.74262,1.3292243
103.74184,1.3290144
103.74205,1.3282309
103.74283,1.3284408
103.743614,1.3286508
103.7434,1.3294343
103.74262,1.3292243
103.74283,1.3284408
103.74028,1.3285946
103.74106,1.3288045
103.74085,1.329588
103.74007,1.3293781
103.74028,1.3285946
103.74106,1.3288045
103.74184,1.3290144
103.74163,1.329798
103.74085,1.329588
103.74106,1.3288045
103.74184,1.3290144
103.74262,1.3292243
103.74241,1.3300079
103.74163,1.329798
103.74184,1.3290144
103.74262,1.3292243
103.7434,1.3294343
103.743195,1.3302178
103.74241,1.3300079
103.74262,1.3292243
103.74007,1.3293781
103.74085,1.329588
103.74064,1.3303716
103.73986,1.3301617
103.74007,1.3293781
103.74085,1.329588
103.74163,1.329798
103.74142,1.3305815
103.74064,1.3303716
103.74085,1.329588
103.74163,1.329798
103.74241,1.3300079
103.7422,1.3307915
103.74142,1.3305815
103.74163,1.329798
103.74241,1.3300079
103.743195,1.3302178
103.74298,1.3310014
103.7422,1.3307915
103.74241,1.3300079
103.740425,1.3310288
103.7412,1.3312387
103.741,1.3320223
103.74021,1.3318124
103.740425,1.3310288
103.7412,1.3312387
103.74198,1.3314487
103.741776,1.3322322
103.741,1.3320223
103.7412,1.3312387
103.74198,1.3314487
103.74277,1.3316587
103.74255,1.3324422
103.741776,1.3322322
103.74198,1.3314487
103.74277,1.3316587
103.743546,1.3318686
103.74334,1.3326522
103.74255,1.3324422
103.74277,1.3316587
103.74021,1.3318124
103.741,1.3320223
103.74078,1.3328059
103.740005,1.332596
103.74021,1.3318124
103.741,1.3320223
103.741776,1.3322322
103.74157,1.3330158
103.74078,1.3328059
103.741,1.3320223
103.741776,1.3322322
103.74255,1.3324422
103.74235,1.3332257
103.74157,1.3330158
103.741776,1.3322322
103.74255,1.3324422
103.74334,1.3326522
103.743126,1.3334358
103.74235,1.3332257
103.74255,1.3324422
103.740005,1.332596
103.74078,1.3328059
103.74058,1.3335894
103.73979,1.3333795
103.740005,1.332596
103.74078,1.3328059
103.74157,1.3330158
103.741356,1.3337994
103.74058,1.3335894
103.74078,1.3328059
103.74157,1.3330158
103.74235,1.3332257
103.74214,1.3340093
103.741356,1.3337994
103.74157,1.3330158
103.74235,1.3332257
103.743126,1.3334358
103.74292,1.3342193
103.74214,1.3340093
103.74235,1.3332257
103.73979,1.3333795
103.74058,1.3335894
103.740364,1.334373
103.739586,1.3341631
103.73979,1.3333795
103.74058,1.3335894
103.741356,1.3337994
103.74115,1.3345829
103.740364,1.334373
103.74058,1.3335894
103.741356,1.3337994
103.74214,1.3340093
103.74193,1.3347929
103.74115,1.3345829
103.741356,1.3337994
103.74214,1.3340093
103.74292,1.3342193
103.742714,1.3350029
103.74193,1.3347929
103.74214,1.3340093
103.740135,1.3305321
103.74092,1.330742
103.74071,1.3315256
103.73993,1.3313156
103.740135,1.3305321
103.74092,1.330742
103.7417,1.3309519
103.74149,1.3317355
103.74071,1.3315256
103.74092,1.330742
103.7417,1.3309519
103.74248,1.3311619
103.74227,1.3319454
103.74149,1.3317355
103.7417,1.3309519
103.74248,1.3311619
103.74326,1.3313719
103.74305,1.3321555
103.74227,1.3319454
103.74248,1.3311619
103.74326,1.3313719
103.74404,1.3315818
103.743835,1.3323654
103.74305,1.3321555
103.74326,1.3313719
103.73993,1.3313156
103.74071,1.3315256
103.7405,1.3323091
103.739716,1.3320992
103.73993,1.3313156
103.74071,1.3315256
103.74149,1.3317355
103.74128,1.332519
103.7405,1.3323091
103.74071,1.3315256
103.74149,1.3317355
103.74227,1.3319454
103.742065,1.332729
103.74128,1.332519
103.74149,1.3317355
103.74227,1.3319454
103.74305,1.3321555
103.74284,1.332939
103.742065,1.332729
103.74227,1.3319454
103.74305,1.3321555
103.743835,1.3323654
103.74362,1.333149
103.74284,1.332939
103.74305,1.3321555
103.739716,1.3320992
103.7405,1.3323091
103.74029,1.3330927
103.73951,1.3328828
103.739716,1.3320992
103.7405,1.3323091
103.74128,1.332519
103.74107,1.3333026
103.74029,1.3330927
103.7405,1.3323091
103.74128,1.332519
103.742065,1.332729
103.74185,1.3335125
103.74107,1.3333026
103.74128,1.332519
103.742065,1.332729
103.74284,1.332939
103.74263,1.3337225
103.74185,1.3335125
103.742065,1.332729
103.74284,1.332939
103.74362,1.333149
103.743416,1.3339325
103.74263,1.3337225
103.74284,1.332939
103.73951,1.3328828
103.74029,1.3330927
103.74008,1.3338763
103.739296,1.3336663
103.73951,1.3328828
103.74029,1.3330927
103.74107,1.3333026
103.74086,1.3340862
103.74008,1.3338763
103.74029,1.3330927
103.74107,1.3333026
103.74185,1.3335125
103.741646,1.3342961
103.74086,1.3340862
103.74107,1.3333026
103.74185,1.3335125
103.74263,1.3337225
103.742424,1.334506
103.741646,1.3342961
103.74185,1.3335125
103.74263,1.3337225
103.743416,1.3339325
103.7432,1.3347161
103.742424,1.334506
103.74263,1.3337225
103.739296,1.3336663
103.74008,1.3338763
103.73987,1.3346598
103.73909,1.3344499
103.739296,1.3336663
103.74008,1.3338763
103.74086,1.3340862
103.740654,1.3348697
103.73987,1.3346598
103.74008,1.3338763
103.74086,1.3340862
103.741646,1.3342961
103.74143,1.3350797
103.740654,1.3348697
103.74086,1.3340862
103.741646,1.3342961
103.742424,1.334506
103.74222,1.3352896
103.74143,1.3350797
103.741646,1.3342961
103.742424,1.334506
103.7432,1.3347161
103.743,1.3354996
103.74222,1.3352896
103.742424,1.334506
103.73985,1.3300353
103.74063,1.3302453
103.740425,1.3310288
103.73964,1.3308189
103.73985,1.3300353
103.74063,1.3302453
103.74142,1.3304552
103.7412,1.3312387
103.740425,1.3310288
103.74063,1.3302453
103.74142,1.3304552
103.742195,1.3306651
103.74198,1.3314487
103.7412,1.3312387
103.74142,1.3304552
103.742195,1.3306651
103.74297,1.3308752
103.74277,1.3316587
103.74198,1.3314487
103.742195,1.3306651
103.74297,1.3308752
103.74376,1.3310851
103.743546,1.3318686
103.74277,1.3316587
103.74297,1.3308752
103.74376,1.3310851
103.74454,1.331295
103.74433,1.3320786
103.743546,1.3318686
103.74376,1.3310851
103.73964,1.3308189
103.740425,1.3310288
103.74021,1.3318124
103.73943,1.3316025
103.73964,1.3308189
103.740425,1.3310288
103.7412,1.3312387
103.741,1.3320223
103.74021,1.3318124
103.740425,1.3310288
103.7412,1.3312387
103.74198,1.3314487
103.741776,1.3322322
103.741,1.3320223
103.7412,1.3312387
103.74198,1.3314487
103.74277,1.3316587
103.74255,1.3324422
103.741776,1.3322322
103.74198,1.3314487
103.74277,1.3316587
103.743546,1.3318686
103.74334,1.3326522
103.74255,1.3324422
103.74277,1.3316587
103.743546,1.3318686
103.74433,1.3320786
103.74412,1.3328621
103.74334,1.3326522
103.743546,1.3318686
103.73943,1.3316025
103.74021,1.3318124
103.740005,1.332596
103.73922,1.332386
103.73943,1.3316025
103.74021,1.3318124
103.741,1.3320223
103.74078,1.3328059
103.740005,1.332596
103.74021,1.3318124
103.741,1.3320223
103.741776,1.3322322
103.74157,1.3330158
103.74078,1.3328059
103.741,1.3320223
103.741776,1.3322322
103.74255,1.3324422
103.74235,1.3332257
103.74157,1.3330158
103.741776,1.3322322
103.74255,1.3324422
103.74334,1.3326522
103.743126,1.3334358
103.74235,1.3332257
103.74255,1.3324422
103.74334,1.3326522
103.74412,1.3328621
103.74391,1.3336457
103.743126,1.3334358
103.74334,1.3326522
103.73922,1.332386
103.740005,1.332596
103.73979,1.3333795
103.73901,1.3331696
103.73922,1.332386
103.740005,1.332596
103.74078,1.3328059
103.74058,1.3335894
103.73979,1.3333795
103.740005,1.332596
103.74078,1.3328059
103.74157,1.3330158
103.741356,1.3337994
103.74058,1.3335894
103.74078,1.3328059
103.74157,1.3330158
103.74235,1.3332257
103.74214,1.3340093
103.741356,1.3337994
103.74157,1.3330158
103.74235,1.3332257
103.743126,1.3334358
103.74292,1.3342193
103.74214,1.3340093
103.74235,1.3332257
103.743126,1.3334358
103.74391,1.3336457
103.7437,1.3344293
103.74292,1.3342193
103.743126,1.3334358
103.73901,1.3331696
103.73979,1.3333795
103.739586,1.3341631
103.73881,1.333953
103.73901,1.3331696
103.73979,1.3333795
103.74058,1.3335894
103.740364,1.334373
103.739586,1.3341631
103.73979,1.3333795
103.74058,1.3335894
103.741356,1.3337994
103.74115,1.3345829
103.740364,1.334373
103.74058,1.3335894
103.741356,1.3337994
103.74214,1.3340093
103.74193,1.3347929
103.74115,1.3345829
103.741356,1.3337994
103.74214,1.3340093
103.74292,1.3342193
103.742714,1.3350029
103.74193,1.3347929
103.74214,1.3340093
103.74292,1.3342193
103.7437,1.3344293
103.74349,1.3352128
103.742714,1.3350029
103.74292,1.3342193
103.73881,1.333953
103.739586,1.3341631
103.73938,1.3349466
103.738594,1.3347366
103.73881,1.333953
103.739586,1.3341631
103.740364,1.334373
103.74016,1.3351566
103.73938,1.3349466
103.739586,1.3341631
103.740364,1.334373
103.74115,1.3345829
103.74094,1.3353665
103.74016,1.3351566
103.740364,1.334373
103.74115,1.3345829
103.74193,1.3347929
103.74172,1.3355764
103.74094,1.3353665
103.74115,1.3345829
103.74193,1.3347929
103.742714,1.3350029
103.7425,1.3357863
103.74172,1.3355764
103.74193,1.3347929
103.742714,1.3350029
103.74349,1.3352128
103.74328,1.3359964
103.7425,1.3357863
103.742714,1.3350029
103.73956,1.3295386
103.74035,1.3297485
103.740135,1.3305321
103.73936,1.3303221
103.73956,1.3295386
103.74035,1.3297485
103.74113,1.3299584
103.74092,1.330742
103.740135,1.3305321
103.74035,1.3297485
103.74113,1.3299584
103.741905,1.3301684
103.7417,1.3309519
103.74092,1.330742
103.74113,1.3299584
103.741905,1.3301684
103.74269,1.3303783
103.74248,1.3311619
103.7417,1.3309519
103.741905,1.3301684
103.74269,1.3303783
103.74347,1.3305883
103.74326,1.3313719
103.74248,1.3311619
103.74269,1.3303783
103.74347,1.3305883
103.744255,1.3307983
103.74404,1.3315818
103.74326,1.3313719
103.74347,1.3305883
103.744255,1.3307983
103.74503,1.3310082
103.74483,1.3317918
103.74404,1.3315818
103.744255,1.3307983
103.73936,1.3303221
103.740135,1.3305321
103.73993,1.3313156
103.73914,1.3311057
103.73936,1.3303221
103.740135,1.3305321
103.74092,1.330742
103.74071,1.3315256
103.73993,1.3313156
103.740135,1.3305321
103.74092,1.330742
103.7417,1.3309519
103.74149,1.3317355
103.74071,1.3315256
103.74092,1.330742
103.7417,1.3309519
103.74248,1.3311619
103.74227,1.3319454
103.74149,1.3317355
103.7417,1.3309519
103.74248,1.3311619
103.74326,1.3313719
103.74305,1.3321555
103.74227,1.3319454
103.74248,1.3311619
103.74326,1.3313719
103.74404,1.3315818
103.743835,1.3323654
103.74305,1.3321555
103.74326,1.3313719
103.74404,1.3315818
103.74483,1.3317918
103.74461,1.3325753
103.743835,1.3323654
103.74404,1.3315818
103.73914,1.3311057
103.73993,1.3313156
103.739716,1.3320992
103.73894,1.3318892
103.73914,1.3311057
103.73993,1.3313156
103.74071,1.3315256
103.7405,1.3323091
103.739716,1.3320992
103.73993,1.3313156
103.74071,1.3315256
103.74149,1.3317355
103.74128,1.332519
103.7405,1.3323091
103.74071,1.3315256
103.74149,1.3317355
103.74227,1.3319454
103.742065,1.332729
103.74128,1.332519
103.74149,1.3317355
103.74227,1.3319454
103.74305,1.3321555
103.74284,1.332939
103.742065,1.332729
103.74227,1.3319454
103.74305,1.3321555
103.743835,1.3323654
103.74362,1.333149
103.74284,1.332939
103.74305,1.3321555
103.743835,1.3323654
103.74461,1.3325753
103.74441,1.3333589
103.74362,1.333149
103.743835,1.3323654
103.73894,1.3318892
103.739716,1.3320992
103.73951,1.3328828
103.73873,1.3326727
103.73894,1.3318892
103.739716,1.3320992
103.7405,1.3323091
103.74029,1.3330927
103.73951,1.3328828
103.739716,1.3320992
103.7405,1.3323091
103.74128,1.332519
103.74107,1.3333026
103.74029,1.3330927
103.7405,1.3323091
103.74128,1.332519
103.742065,1.332729
103.74185,1.3335125
103.74107,1.3333026
103.74128,1.332519
103.742065,1.332729
103.74284,1.332939
103.74263,1.3337225
103.74185,1.3335125
103.742065,1.332729
103.74284,1.332939
103.74362,1.333149
103.743416,1.3339325
103.74263,1.3337225
103.74284,1.332939
103.74362,1.333149
103.74441,1.3333589
103.744194,1.3341424
103.743416,1.3339325
103.74362,1.333149
103.73873,1.3326727
103.73951,1.3328828
103.739296,1.3336663
103.73852,1.3334563
103.73873,1.3326727
103.73951,1.3328828
103.74029,1.3330927
103.74008,1.3338763
103.739296,1.3336663
103.73951,1.3328828
103.74029,1.3330927
103.74107,1.3333026
103.74086,1.3340862
103.74008,1.3338763
103.74029,1.3330927
103.74107,1.3333026
103.74185,1.3335125
103.741646,1.3342961
103.74086,1.3340862
103.74107,1.3333026
103.74185,1.3335125
103.74263,1.3337225
103.742424,1.334506
103.741646,1.3342961
103.74185,1.3335125
103.74263,1.3337225
103.743416,1.3339325
103.7432,1.3347161
103.742424,1.334506
103.74263,1.3337225
103.743416,1.3339325
103.744194,1.3341424
103.74399,1.334926
103.7432,1.3347161
103.743416,1.3339325
103.73852,1.3334563
103.739296,1.3336663
103.73909,1.3344499
103.73831,1.3342398
103.73852,1.3334563
103.739296,1.3336663
103.74008,1.3338763
103.73987,1.3346598
103.73909,1.3344499
103.739296,1.3336663
103.74008,1.3338763
103.74086,1.3340862
103.740654,1.3348697
103.73987,1.3346598
103.74008,1.3338763
103.74086,1.3340862
103.741646,1.3342961
103.74143,1.3350797
103.740654,1.3348697
103.74086,1.3340862
103.741646,1.3342961
103.742424,1.334506
103.74222,1.3352896
103.74143,1.3350797
103.741646,1.3342961
103.742424,1.334506
103.7432,1.3347161
103.743,1.3354996
103.74222,1.3352896
103.742424,1.334506
103.7432,1.3347161
103.74399,1.334926
103.743774,1.3357096
103.743,1.3354996
103.7432,1.3347161
103.73831,1.3342398
103.73909,1.3344499
103.738884,1.3352333
103.7381,1.3350234
103.73831,1.3342398
103.73909,1.3344499
103.73987,1.3346598
103.73966,1.3354434
103.738884,1.3352333
103.73909,1.3344499
103.73987,1.3346598
103.740654,1.3348697
103.74044,1.3356533
103.73966,1.3354434
103.73987,1.3346598
103.740654,1.3348697
103.74143,1.3350797
103.74123,1.3358632
103.74044,1.3356533
103.740654,1.3348697
103.74143,1.3350797
103.74222,1.3352896
103.742004,1.3360732
103.74123,1.3358632
103.74143,1.3350797
103.74222,1.3352896
103.743,1.3354996
103.74279,1.3362832
103.742004,1.3360732
103.74222,1.3352896
103.743,1.3354996
103.743774,1.3357096
103.74357,1.3364931
103.74279,1.3362832
103.743,1.3354996
103.73928,1.3290418
103.74006,1.3292518
103.73985,1.3300353
103.73907,1.3298253
103.73928,1.3290418
103.74006,1.3292518
103.740845,1.3294617
103.74063,1.3302453
103.73985,1.3300353
103.74006,1.3292518
103.740845,1.3294617
103.74162,1.3296716
103.74142,1.3304552
103.74063,1.3302453
103.740845,1.3294617
103.74162,1.3296716
103.7424,1.3298815
103.742195,1.3306651
103.74142,1.3304552
103.74162,1.3296716
103.7424,1.3298815
103.74319,1.3300916
103.74297,1.3308752
103.742195,1.3306651
103.7424,1.3298815
103.74319,1.3300916
103.743965,1.3303015
103.74376,1.3310851
103.74297,1.3308752
103.74319,1.3300916
103.743965,1.3303015
103.74474,1.3305115
103.74454,1.331295
103.74376,1.3310851
103.743965,1.3303015
103.74474,1.3305115
103.74553,1.3307214
103.745316,1.331505
103.74454,1.331295
103.74474,1.3305115
103.73907,1.3298253
103.73985,1.3300353
103.73964,1.3308189
103.73886,1.3306088
103.73907,1.3298253
103.73985,1.3300353
103.74063,1.3302453
103.740425,1.3310288
103.73964,1.3308189
103.73985,1.3300353
103.74063,1.3302453
103.74142,1.3304552
103.7412,1.3312387
103.740425,1.3310288
103.74063,1.3302453
103.74142,1.3304552
103.742195,1.3306651
103.74198,1.3314487
103.7412,1.3312387
103.74142,1.3304552
103.742195,1.3306651
103.74297,1.3308752
103.74277,1.3316587
103.74198,1.3314487
103.742195,1.3306651
103.74297,1.3308752
103.74376,1.3310851
103.743546,1.3318686
103.74277,1.3316587
103.74297,1.3308752
103.74376,1.3310851
103.74454,1.331295
103.74433,1.3320786
103.743546,1.3318686
103.74376,1.3310851
103.74454,1.331295
103.745316,1.331505
103.74511,1.3322885
103.74433,1.3320786
103.74454,1.331295
103.73886,1.3306088
103.73964,1.3308189
103.73943,1.3316025
103.73865,1.3313924
103.73886,1.3306088
103.73964,1.3308189
103.740425,1.3310288
103.74021,1.3318124
103.73943,1.3316025
103.73964,1.3308189
103.740425,1.3310288
103.7412,1.3312387
103.741,1.3320223
103.74021,1.3318124
103.740425,1.3310288
103.7412,1.3312387
103.74198,1.3314487
103.741776,1.3322322
103.741,1.3320223
103.7412,1.3312387
103.74198,1.3314487
103.74277,1.3316587
103.74255,1.3324422
103.741776,1.3322322
103.74198,1.3314487
103.74277,1.3316587
103.743546,1.3318686
103.74334,1.3326522
103.74255,1.3324422
103.74277,1.3316587
103.743546,1.3318686
103.74433,1.3320786
103.74412,1.3328621
103.74334,1.3326522
103.743546,1.3318686
103.74433,1.3320786
103.74511,1.3322885
103.7449,1.3330721
103.74412,1.3328621
103.74433,1.3320786
103.73865,1.3313924
103.73943,1.3316025
103.73922,1.332386
103.73844,1.332176
103.73865,1.3313924
103.73943,1.3316025
103.74021,1.3318124
103.740005,1.332596
103.73922,1.332386
103.73943,1.3316025
103.74021,1.3318124
103.741,1.3320223
103.74078,1.3328059
103.740005,1.332596
103.74021,1.3318124
103.741,1.3320223
103.741776,1.3322322
103.74157,1.3330158
103.74078,1.3328059
103.741,1.3320223
103.741776,1.3322322
103.74255,1.3324422
103.74235,1.3332257
103.74157,1.3330158
103.741776,1.3322322
103.74255,1.3324422
103.74334,1.3326522
103.743126,1.3334358
103.74235,1.3332257
103.74255,1.3324422
103.74334,1.3326522
103.74412,1.3328621
103.74391,1.3336457
103.743126,1.3334358
103.74334,1.3326522
103.74412,1.3328621
103.7449,1.3330721
103.74469,1.3338556
103.74391,1.3336457
103.74412,1.3328621
103.73844,1.332176
103.73922,1.332386
103.73901,1.3331696
103.738235,1.3329595
103.73844,1.332176
103.73922,1.332386
103.740005,1.332596
103.73979,1.3333795
103.73901,1.3331696
103.73922,1.332386
103.740005,1.332596
103.74078,1.3328059
103.74058,1.3335894
103.73979,1.3333795
103.740005,1.332596
103.74078,1.3328059
103.74157,1.3330158
103.741356,1.3337994
103.74058,1.3335894
103.74078,1.3328059
103.74157,1.3330158
103.74235,1.3332257
103.74214,1.3340093
103.741356,1.3337994
103.74157,1.3330158
103.74235,1.3332257
103.743126,1.3334358
103.74292,1.3342193
103.74214,1.3340093
103.74235,1.3332257
103.743126,1.3334358
103.74391,1.3336457
103.7437,1.3344293
103.74292,1.3342193
103.743126,1.3334358
103.74391,1.3336457
103.74469,1.3338556
103.744484,1.3346392
103.7437,1.3344293
103.74391,1.3336457
103.738235,1.3329595
103.73901,1.3331696
103.73881,1.333953
103.73802,1.3337431
103.738235,1.3329595
103.73901,1.3331696
103.73979,1.3333795
103.739586,1.3341631
103.73881,1.333953
103.73901,1.3331696
103.73979,1.3333795
103.74058,1.3335894
103.740364,1.334373
103.739586,1.3341631
103.73979,1.3333795
103.74058,1.3335894
103.741356,1.3337994
103.74115,1.3345829
103.740364,1.334373
103.74058,1.3335894
103.741356,1.3337994
103.74214,1.3340093
103.74193,1.3347929
103.74115,1.3345829
103.741356,1.3337994
103.74214,1.3340093
103.74292,1.3342193
103.742714,1.3350029
103.74193,1.3347929
103.74214,1.3340093
103.74292,1.3342193
103.7437,1.3344293
103.74349,1.3352128
103.742714,1.3350029
103.74292,1.3342193
103.7437,1.3344293
103.744484,1.3346392
103.74427,1.3354228
103.74349,1.3352128
103.7437,1.3344293
103.73802,1.3337431
103.73881,1.333953
103.738594,1.3347366
103.737816,1.3345267
103.73802,1.3337431
103.73881,1.333953
103.739586,1.3341631
103.73938,1.3349466
103.738594,1.3347366
103.73881,1.333953
103.739586,1.3341631
103.740364,1.334373
103.74016,1.3351566
103.73938,1.3349466
103.739586,1.3341631
103.740364,1.334373
103.74115,1.3345829
103.74094,1.3353665
103.74016,1.3351566
103.740364,1.334373
103.74115,1.3345829
103.74193,1.3347929
103.74172,1.3355764
103.74094,1.3353665
103.74115,1.3345829
103.74193,1.3347929
103.742714,1.3350029
103.7425,1.3357863
103.74172,1.3355764
103.74193,1.3347929
103.742714,1.3350029
103.74349,1.3352128
103.74328,1.3359964
103.7425,1.3357863
103.742714,1.3350029
103.74349,1.3352128
103.74427,1.3354228
103.744064,1.3362063
103.74328,1.3359964
103.74349,1.3352128
103.737816,1.3345267
103.738594,1.3347366
103.73839,1.3355201
103.7376,1.3353102
103.737816,1.3345267
103.738594,1.3347366
103.73938,1.3349466
103.73917,1.3357302
103.73839,1.3355201
103.738594,1.3347366
103.73938,1.3349466
103.74016,1.3351566
103.739944,1.3359401
103.73917,1.3357302
103.73938,1.3349466
103.74016,1.3351566
103.74094,1.3353665
103.74073,1.33615
103.739944,1.3359401
103.74016,1.3351566
103.74094,1.3353665
103.74172,1.3355764
103.74151,1.33636
103.74073,1.33615
103.74094,1.3353665
103.74172,1.3355764
103.7425,1.3357863
103.742294,1.3365699
103.74151,1.33636
103.74172,1.3355764
103.7425,1.3357863
103.74328,1.3359964
103.74307,1.33678
103.742294,1.3365699
103.7425,1.3357863
103.74328,1.3359964
103.744064,1.3362063
103.74385,1.3369899
103.74307,1.33678
103.74328,1.3359964
103.73928,1.3290418
103.74006,1.3292518
103.73985,1.3300353
103.73907,1.3298253
103.73928,1.3290418
103.74006,1.3292518
103.740845,1.3294617
103.74063,1.3302453
103.73985,1.3300353
103.74006,1.3292518
103.740845,1.3294617
103.74162,1.3296716
103.74142,1.3304552
103.74063,1.3302453
103.740845,1.3294617
103.74162,1.3296716
103.7424,1.3298815
103.742195,1.3306651
103.74142,1.3304552
103.74162,1.3296716
103.7424,1.3298815
103.74319,1.3300916
103.74297,1.3308752
103.742195,1.3306651
103.7424,1.3298815
103.74319,1.3300916
103.743965,1.3303015
103.74376,1.3310851
103.74297,1.3308752
103.74319,1.3300916
103.743965,1.3303015
103.74474,1.3305115
103.74454,1.331295
103.74376,1.3310851
103.743965,1.3303015
103.74474,1.3305115
103.74553,1.3307214
103.745316,1.331505
103.74454,1.331295
103.74474,1.3305115
103.73907,1.3298253
103.73985,1.3300353
103.73964,1.3308189
103.73886,1.3306088
103.73907,1.3298253
103.73985,1.3300353
103.74063,1.3302453
103.740425,1.3310288
103.73964,1.3308189
103.73985,1.3300353
103.74063,1.3302453
103.74142,1.3304552
103.7412,1.3312387
103.740425,1.3310288
103.74063,1.3302453
103.74142,1.3304552
103.742195,1.3306651
103.74198,1.3314487
103.7412,1.3312387
103.74142,1.3304552
103.742195,1.3306651
103.74297,1.3308752
103.74277,1.3316587
103.74198,1.3314487
103.742195,1.3306651
103.74297,1.3308752
103.74376,1.3310851
103.743546,1.3318686
103.74277,1.3316587
103.74297,1.3308752
103.74376,1.3310851
103.74454,1.331295
103.74433,1.3320786
103.743546,1.3318686
103.74376,1.3310851
103.74454,1.331295
103.745316,1.331505
103.74511,1.3322885
103.74433,1.3320786
103.74454,1.331295
103.73886,1.3306088
103.73964,1.3308189
103.73943,1.3316025
103.73865,1.3313924
103.73886,1.3306088
103.73964,1.3308189
103.740425,1.3310288
103.74021,1.3318124
103.73943,1.3316025
103.73964,1.3308189
103.740425,1.3310288
103.7412,1.3312387
103.741,1.3320223
103.74021,1.3318124
103.740425,1.3310288
103.7412,1.3312387
103.74198,1.3314487
103.741776,1.3322322
103.741,1.3320223
103.7412,1.3312387
103.74198,1.3314487
103.74277,1.3316587
103.74255,1.3324422
103.741776,1.3322322
103.74198,1.3314487
103.74277,1.3316587
103.743546,1.3318686
103.74334,1.3326522
103.74255,1.3324422
103.74277,1.3316587
103.743546,1.3318686
103.74433,1.3320786
103.74412,1.3328621
103.74334,1.3326522
103.743546,1.3318686
103.74433,1.3320786
103.74511,1.3322885
103.7449,1.3330721
103.74412,1.3328621
103.74433,1.3320786
103.73865,1.3313924
103.73943,1.3316025
103.73922,1.332386
103.73844,1.332176
103.73865,1.3313924
103.73943,1.3316025
103.74021,1.3318124
103.740005,1.332596
103.73922,1.332386
103.73943,1.3316025
103.74021,1.3318124
103.741,1.3320223
103.74078,1.3328059
103.740005,1.332596
103.74021,1.3318124
103.741,1.3320223
103.741776,1.3322322
103.74157,1.3330158
103.74078,1.3328059
103.741,1.3320223
103.741776,1.3322322
103.74255,1.3324422
103.74235,1.3332257
103.74157,1.3330158
103.741776,1.3322322
103.74255,1.3324422
103.74334,1.3326522
103.743126,1.3334358
103.74235,1.3332257
103.74255,1.3324422
103.74334,1.3326522
103.74412,1.3328621
103.74391,1.3336457
103.743126,1.3334358
103.74334,1.3326522
103.74412,1.3328621
103.7449,1.3330721
103.74469,1.3338556
103.74391,1.3336457
103.74412,1.3328621
103.73844,1.332176
103.73922,1.332386
103.73901,1.3331696
103.738235,1.3329595
103.73844,1.332176
103.73922,1.332386
103.740005,1.332596
103.73979,1.3333795
103.73901,1.3331696
103.73922,1.332386
103.740005,1.332596
103.74078,1.3328059
103.74058,1.3335894
103.73979,1.3333795
103.740005,1.332596
103.74078,1.3328059
103.74157,1.3330158
103.741356,1.3337994
103.74058,1.3335894
103.74078,1.3328059
103.74157,1.3330158
103.74235,1.3332257
103.74214,1.3340093
103.741356,1.3337994
103.74157,1.3330158
103.74235,1.3332257
103.743126,1.3334358
103.74292,1.3342193
103.74214,1.3340093
103.74235,1.3332257
103.743126,1.3334358
103.74391,1.3336457
103.7437,1.3344293
103.74292,1.3342193
103.743126,1.3334358
103.74391,1.3336457
103.74469,1.3338556
103.744484,1.3346392
103.7437,1.3344293
103.74391,1.3336457
103.738235,1.3329595
103.73901,1.3331696
103.73881,1.333953
103.73802,1.3337431
103.738235,1.3329595
103.73901,1.3331696
103.73979,1.3333795
103.739586,1.3341631
103.73881,1.333953
103.73901,1.3331696
103.73979,1.3333795
103.74058,1.3335894
103.740364,1.334373
103.739586,1.3341631
103.73979,1.3333795
103.74058,1.3335894
103.741356,1.3337994
103.74115,1.3345829
103.740364,1.334373
103.74058,1.3335894
103.741356,1.3337994
103.74214,1.3340093
103.74193,1.3347929
103.74115,1.3345829
103.741356,1.3337994
103.74214,1.3340093
103.74292,1.3342193
103.742714,1.3350029
103.74193,1.3347929
103.74214,1.3340093
103.74292,1.3342193
103.7437,1.3344293
103.74349,1.3352128
103.742714,1.3350029
103.74292,1.3342193
103.7437,1.3344293
103.744484,1.3346392
103.74427,1.3354228
103.74349,1.3352128
103.7437,1.3344293
103.73802,1.3337431
103.73881,1.333953
103.738594,1.3347366
103.737816,1.3345267
103.73802,1.3337431
103.73881,1.333953
103.739586,1.3341631
103.73938,1.3349466
103.738594,1.3347366
103.73881,1.333953
103.739586,1.3341631
103.740364,1.334373
103.74016,1.3351566
103.73938,1.3349466
103.739586,1.3341631
103.740364,1.334373
103.74115,1.3345829
103.74094,1.3353665
103.74016,1.3351566
103.740364,1.334373
103.74115,1.3345829
103.74193,1.3347929
103.74172,1.3355764
103.74094,1.3353665
103.74115,1.3345829
103.74193,1.3347929
103.742714,1.3350029
103.7425,1.3357863
103.74172,1.3355764
103.74193,1.3347929
103.742714,1.3350029
103.74349,1.3352128
103.74328,1.3359964
103.7425,1.3357863
103.742714,1.3350029
103.74349,1.3352128
103.74427,1.3354228
103.744064,1.3362063
103.74328,1.3359964
103.74349,1.3352128
103.737816,1.3345267
103.738594,1.3347366
103.73839,1.3355201
103.7376,1.3353102
103.737816,1.3345267
103.738594,1.3347366
103.73938,1.3349466
103.73917,1.3357302
103.73839,1.3355201
103.738594,1.3347366
103.73938,1.3349466
103.74016,1.3351566
103.739944,1.3359401
103.73917,1.3357302
103.73938,1.3349466
103.74016,1.3351566
103.74094,1.3353665
103.74073,1.33615
103.739944,1.3359401
103.74016,1.3351566
103.74094,1.3353665
103.74172,1.3355764
103.74151,1.33636
103.74073,1.33615
103.74094,1.3353665
103.74172,1.3355764
103.7425,1.3357863
103.742294,1.3365699
103.74151,1.33636
103.74172,1.3355764
103.7425,1.3357863
103.74328,1.3359964
103.74307,1.33678
103.742294,1.3365699
103.7425,1.3357863
103.74328,1.3359964
103.744064,1.3362063
103.74385,1.3369899
103.74307,1.33678
103.74328,1.3359964
103.73956,1.3295386
103.74035,1.3297485
103.740135,1.3305321
103.73936,1.3303221
103.73956,1.3295386
103.74035,1.3297485
103.74113,1.3299584
103.74092,1.330742
103.740135,1.3305321
103.74035,1.3297485
103.74113,1.3299584
103.741905,1.3301684
103.7417,1.3309519
103.74092,1.330742
103.74113,1.3299584
103.741905,1.3301684
103.74269,1.3303783
103.74248,1.3311619
103.7417,1.3309519
103.741905,1.3301684
103.74269,1.3303783
103.74347,1.3305883
103.74326,1.3313719
103.74248,1.3311619
103.74269,1.3303783
103.74347,1.3305883
103.744255,1.3307983
103.74404,1.3315818
103.74326,1.3313719
103.74347,1.3305883
103.744255,1.3307983
103.74503,1.3310082
103.74483,1.3317918
103.74404,1.3315818
103.744255,1.3307983
103.73936,1.3303221
103.740135,1.3305321
103.73993,1.3313156
103.73914,1.3311057
103.73936,1.3303221
103.740135,1.3305321
103.74092,1.330742
103.74071,1.3315256
103.73993,1.3313156
103.740135,1.3305321
103.74092,1.330742
103.7417,1.3309519
103.74149,1.3317355
103.74071,1.3315256
103.74092,1.330742
103.7417,1.3309519
103.74248,1.3311619
103.74227,1.3319454
103.74149,1.3317355
103.7417,1.3309519
103.74248,1.3311619
103.74326,1.3313719
103.74305,1.3321555
103.74227,1.3319454
103.74248,1.3311619
103.74326,1.3313719
103.74404,1.3315818
103.743835,1.3323654
103.74305,1.3321555
103.74326,1.3313719
103.74404,1.3315818
103.74483,1.3317918
103.74461,1.3325753
103.743835,1.3323654
103.74404,1.3315818
103.73914,1.3311057
103.73993,1.3313156
103.739716,1.3320992
103.73894,1.3318892
103.73914,1.3311057
103.73993,1.3313156
103.74071,1.3315256
103.7405,1.3323091
103.739716,1.3320992
103.73993,1.3313156
103.74071,1.3315256
103.74149,1.3317355
103.74128,1.332519
103.7405,1.3323091
103.74071,1.3315256
103.74149,1.3317355
103.74227,1.3319454
103.742065,1.332729
103.74128,1.332519
103.74149,1.3317355
103.74227,1.3319454
103.74305,1.3321555
103.74284,1.332939
103.742065,1.332729
103.74227,1.3319454
103.74305,1.3321555
103.743835,1.3323654
103.74362,1.333149
103.74284,1.332939
103.74305,1.3321555
103.743835,1.3323654
103.74461,1.3325753
103.74441,1.3333589
103.74362,1.333149
103.743835,1.3323654
103.73894,1.3318892
103.739716,1.3320992
103.73951,1.3328828
103.73873,1.3326727
103.73894,1.3318892
103.739716,1.3320992
103.7405,1.3323091
103.74029,1.3330927
103.73951,1.3328828
103.739716,1.3320992
103.7405,1.3323091
103.74128,1.332519
103.74107,1.3333026
103.74029,1.3330927
103.7405,1.3323091
103.74128,1.332519
103.742065,1.332729
103.74185,1.3335125
103.74107,1.3333026
103.74128,1.332519
103.742065,1.332729
103.74284,1.332939
103.74263,1.3337225
103.74185,1.3335125
103.742065,1.332729
103.74284,1.332939
103.74362,1.333149
103.743416,1.3339325
103.74263,1.3337225
103.74284,1.332939
103.74362,1.333149
103.74441,1.3333589
103.744194,1.3341424
103.743416,1.3339325
103.74362,1.333149
103.73873,1.3326727
103.73951,1.3328828
103.739296,1.3336663
103.73852,1.3334563
103.73873,1.3326727
103.73951,1.3328828
103.74029,1.3330927
103.74008,1.3338763
103.739296,1.3336663
103.73951,1.3328828
103.74029,1.3330927
103.74107,1.3333026
103.74086,1.3340862
103.74008,1.3338763
103.74029,1.3330927
103.74107,1.3333026
103.74185,1.3335125
103.741646,1.3342961
103.74086,1.3340862
103.74107,1.3333026
103.74185,1.3335125
103.74263,1.3337225
103.742424,1.334506
103.741646,1.3342961
103.74185,1.3335125
103.74263,1.3337225
103.743416,1.3339325
103.7432,1.3347161
103.742424,1.334506
103.74263,1.3337225
103.743416,1.3339325
103.744194,1.3341424
103.74399,1.334926
103.7432,1.3347161
103.743416,1.3339325
103.73852,1.3334563
103.739296,1.3336663
103.73909,1.3344499
103.73831,1.3342398
103.73852,1.3334563
103.739296,1.3336663
103.74008,1.3338763
103.73987,1.3346598
103.73909,1.3344499
103.739296,1.3336663
103.74008,1.3338763
103.74086,1.3340862
103.740654,1.3348697
103.73987,1.3346598
103.74008,1.3338763
103.74086,1.3340862
103.741646,1.3342961
103.74143,1.3350797
103.740654,1.3348697
103.74086,1.3340862
103.741646,1.3342961
103.742424,1.334506
103.74222,1.3352896
103.74143,1.3350797
103.741646,1.3342961
103.742424,1.334506
103.7432,1.3347161
103.743,1.3354996
103.74222,1.3352896
103.742424,1.334506
103.7432,1.3347161
103.74399,1.334926
103.743774,1.3357096
103.743,1.3354996
103.7432,1.3347161
103.73831,1.3342398
103.73909,1.3344499
103.738884,1.3352333
103.7381,1.3350234
103.73831,1.3342398
103.73909,1.3344499
103.73987,1.3346598
103.73966,1.3354434
103.738884,1.3352333
103.73909,1.3344499
103.73987,1.3346598
103.740654,1.3348697
103.74044,1.3356533
103.73966,1.3354434
103.73987,1.3346598
103.740654,1.3348697
103.74143,1.3350797
103.74123,1.3358632
103.74044,1.3356533
103.740654,1.3348697
103.74143,1.3350797
103.74222,1.3352896
103.742004,1.3360732
103.74123,1.3358632
103.74143,1.3350797
103.74222,1.3352896
103.743,1.3354996
103.74279,1.3362832
103.742004,1.3360732
103.74222,1.3352896
103.743,1.3354996
103.743774,1.3357096
103.74357,1.3364931
103.74279,1.3362832
103.743,1.3354996
103.73985,1.3300353
103.74063,1.3302453
103.740425,1.3310288
103.73964,1.3308189
103.73985,1.3300353
103.74063,1.3302453
103.74142,1.3304552
103.7412,1.3312387
103.740425,1.3310288
103.74063,1.3302453
103.74142,1.3304552
103.742195,1.3306651
103.74198,1.3314487
103.7412,1.3312387
103.74142,1.3304552
103.742195,1.3306651
103.74297,1.3308752
103.74277,1.3316587
103.74198,1.3314487
103.742195,1.3306651
103.74297,1.3308752
103.74376,1.3310851
103.743546,1.3318686
103.74277,1.3316587
103.74297,1.3308752
103.74376,1.3310851
103.74454,1.331295
103.74433,1.3320786
103.743546,1.3318686
103.74376,1.3310851
103.73964,1.3308189
103.740425,1.3310288
103.74021,1.3318124
103.73943,1.3316025
103.73964,1.3308189
103.740425,1.3310288
103.7412,1.3312387
103.741,1.3320223
103.74021,1.3318124
103.740425,1.3310288
103.7412,1.3312387
103.74198,1.3314487
103.741776,1.3322322
103.741,1.3320223
103.7412,1.3312387
103.74198,1.3314487
103.74277,1.3316587
103.74255,1.3324422
103.741776,1.3322322
103.74198,1.3314487
103.74277,1.3316587
103.743546,1.3318686
103.74334,1.3326522
103.74255,1.3324422
103.74277,1.3316587
103.743546,1.3318686
103.74433,1.3320786
103.74412,1.3328621
103.74334,1.3326522
103.743546,1.3318686
103.73943,1.3316025
103.74021,1.3318124
103.740005,1.332596
103.73922,1.332386
103.73943,1.3316025
103.74021,1.3318124
103.741,1.3320223
103.74078,1.3328059
103.740005,1.332596
103.74021,1.3318124
103.741,1.3320223
103.741776,1.3322322
103.74157,1.3330158
103.74078,1.3328059
103.741,1.3320223
103.741776,1.3322322
103.74255,1.3324422
103.74235,1.3332257
103.74157,1.3330158
103.741776,1.3322322
103.74255,1.3324422
103.74334,1.3326522
103.743126,1.3334358
103.74235,1.3332257
103.74255,1.3324422
103.74334,1.3326522
103.74412,1.3328621
103.74391,1.3336457
103.743126,1.3334358
103.74334,1.3326522
103.73922,1.332386
103.740005,1.332596
103.73979,1.3333795
103.73901,1.3331696
103.73922,1.332386
103.740005,1.332596
103.74078,1.3328059
103.74058,1.3335894
103.73979,1.3333795
103.740005,1.332596
103.74078,1.3328059
103.74157,1.3330158
103.741356,1.3337994
103.74058,1.3335894
103.74078,1.3328059
103.74157,1.3330158
103.74235,1.3332257
103.74214,1.3340093
103.741356,1.3337994
103.74157,1.3330158
103.74235,1.3332257
103.743126,1.3334358
103.74292,1.3342193
103.74214,1.3340093
103.74235,1.3332257
103.743126,1.3334358
103.74391,1.3336457
103.7437,1.3344293
103.74292,1.3342193
103.743126,1.3334358
103.73901,1.3331696
103.73979,1.3333795
103.739586,1.3341631
103.73881,1.333953
103.73901,1.3331696
103.73979,1.3333795
103.74058,1.3335894
103.740364,1.334373
103.739586,1.3341631
103.73979,1.3333795
103.74058,1.3335894
103.741356,1.3337994
103.74115,1.3345829
103.740364,1.334373
103.74058,1.3335894
103.741356,1.3337994
103.74214,1.3340093
103.74193,1.3347929
103.74115,1.3345829
103.741356,1.3337994
103.74214,1.3340093
103.74292,1.3342193
103.742714,1.3350029
103.74193,1.3347929
103.74214,1.3340093
103.74292,1.3342193
103.7437,1.3344293
103.74349,1.3352128
103.742714,1.3350029
103.74292,1.3342193
103.73881,1.333953
103.739586,1.3341631
103.73938,1.3349466
103.738594,1.3347366
103.73881,1.333953
103.739586,1.3341631
103.740364,1.334373
103.74016,1.3351566
103.73938,1.3349466
103.739586,1.3341631
103.740364,1.334373
103.74115,1.3345829
103.74094,1.3353665
103.74016,1.3351566
103.740364,1.334373
103.74115,1.3345829
103.74193,1.3347929
103.74172,1.3355764
103.74094,1.3353665
103.74115,1.3345829
103.74193,1.3347929
103.742714,1.3350029
103.7425,1.3357863
103.74172,1.3355764
103.74193,1.3347929
103.742714,1.3350029
103.74349,1.3352128
103.74328,1.3359964
103.7425,1.3357863
103.742714,1.3350029
103.740135,1.3305321
103.74092,1.330742
103.74071,1.3315256
103.73993,1.3313156
103.740135,1.3305321
103.74092,1.330742
103.7417,1.3309519
103.74149,1.3317355
103.74071,1.3315256
103.74092,1.330742
103.7417,1.3309519
103.74248,1.3311619
103.74227,1.3319454
103.74149,1.3317355
103.7417,1.3309519
103.74248,1.3311619
103.74326,1.3313719
103.74305,1.3321555
103.74227,1.3319454
103.74248,1.3311619
103.74326,1.3313719
103.74404,1.3315818
103.743835,1.3323654
103.74305,1.3321555
103.74326,1.3313719
103.73993,1.3313156
103.74071,1.3315256
103.7405,1.3323091
103.739716,1.3320992
103.73993,1.3313156
103.74071,1.3315256
103.74149,1.3317355
103.74128,1.332519
103.7405,1.3323091
103.74071,1.3315256
103.74149,1.3317355
103.74227,1.3319454
103.742065,1.332729
103.74128,1.332519
103.74149,1.3317355
103.74227,1.3319454
103.74305,1.3321555
103.74284,1.332939
103.742065,1.332729
103.74227,1.3319454
103.74305,1.3321555
103.743835,1.3323654
103.74362,1.333149
103.74284,1.332939
103.74305,1.3321555
103.739716,1.3320992
103.7405,1.3323091
103.74029,1.3330927
103.73951,1.3328828
103.739716,1.3320992
103.7405,1.3323091
103.74128,1.332519
103.74107,1.3333026
103.74029,1.3330927
103.7405,1.3323091
103.74128,1.332519
103.742065,1.332729
103.74185,1.3335125
103.74107,1.3333026
103.74128,1.332519
103.742065,1.332729
103.74284,1.332939
103.74263,1.3337225
103.74185,1.3335125
103.742065,1.332729
103.74284,1.332939
103.74362,1.333149
103.743416,1.3339325
103.74263,1.3337225
103.74284,1.332939
103.73951,1.3328828
103.74029,1.3330927
103.74008,1.3338763
103.739296,1.3336663
103.73951,1.3328828
103.74029,1.3330927
103.74107,1.3333026
103.74086,1.3340862
103.74008,1.3338763
103.74029,1.3330927
103.74107,1.3333026
103.74185,1.3335125
103.741646,1.3342961
103.74086,1.3340862
103.74107,1.3333026
103.74185,1.3335125
103.74263,1.3337225
103.742424,1.334506
103.741646,1.3342961
103.74185,1.3335125
103.74263,1.3337225
103.743416,1.3339325
103.7432,1.3347161
103.742424,1.334506
103.74263,1.3337225
103.739296,1.3336663
103.74008,1.3338763
103.73987,1.3346598
103.73909,1.3344499
103.739296,1.3336663
103.74008,1.3338763
103.74086,1.3340862
103.740654,1.3348697
103.73987,1.3346598
103.74008,1.3338763
103.74086,1.3340862
103.741646,1.3342961
103.74143,1.3350797
103.740654,1.3348697
103.74086,1.3340862
103.741646,1.3342961
103.742424,1.334506
103.74222,1.3352896
103.74143,1.3350797
103.741646,1.3342961
103.742424,1.334506
103.7432,1.3347161
103.743,1.3354996
103.74222,1.3352896
103.742424,1.334506
103.740425,1.3310288
103.7412,1.3312387
103.741,1.3320223
103.74021,1.3318124
103.740425,1.3310288
103.7412,1.3312387
103.74198,1.3314487
103.741776,1.3322322
103.741,1.3320223
103.7412,1.3312387
103.74198,1.3314487
103.74277,1.3316587
103.74255,1.3324422
103.741776,1.3322322
103.74198,1.3314487
103.74277,1.3316587
103.743546,1.3318686
103.74334,1.3326522
103.74255,1.3324422
103.74277,1.3316587
103.74021,1.3318124
103.741,1.3320223
103.74078,1.3328059
103.740005,1.332596
103.74021,1.3318124
103.741,1.3320223
103.741776,1.3322322
103.74157,1.3330158
103.74078,1.3328059
103.741,1.3320223
103.741776,1.3322322
103.74255,1.3324422
103.74235,1.3332257
103.74157,1.3330158
103.741776,1.3322322
103.74255,1.3324422
103.74334,1.3326522
103.743126,1.3334358
103.74235,1.3332257
103.74255,1.3324422
103.740005,1.332596
103.74078,1.3328059
103.74058,1.3335894
103.73979,1.3333795
103.740005,1.332596
103.74078,1.3328059
103.74157,1.3330158
103.741356,1.3337994
103.74058,1.3335894
103.74078,1.3328059
103.74157,1.3330158
103.74235,1.3332257
103.74214,1.3340093
103.741356,1.3337994
103.74157,1.3330158
103.74235,1.3332257
103.743126,1.3334358
103.74292,1.3342193
103.74214,1.3340093
103.74235,1.3332257
103.73979,1.3333795
103.74058,1.3335894
103.740364,1.334373
103.739586,1.3341631
103.73979,1.3333795
103.74058,1.3335894
103.741356,1.3337994
103.74115,1.3345829
103.740364,1.334373
103.74058,1.3335894
103.741356,1.3337994
103.74214,1.3340093
103.74193,1.3347929
103.74115,1.3345829
103.741356,1.3337994
103.74214,1.3340093
103.74292,1.3342193
103.742714,1.3350029
103.74193,1.3347929
103.74214,1.3340093
103.74071,1.3315256
103.74149,1.3317355
103.74128,1.332519
103.7405,1.3323091
103.74071,1.3315256
103.74149,1.3317355
103.74227,1.3319454
103.742065,1.332729
103.74128,1.332519
103.74149,1.3317355
103.74227,1.3319454
103.74305,1.3321555
103.74284,1.332939
103.742065,1.332729
103.74227,1.3319454
103.7405,1.3323091
103.74128,1.332519
103.74107,1.3333026
103.74029,1.3330927
103.7405,1.3323091
103.74128,1.332519
103.742065,1.332729
103.74185,1.3335125
103.74107,1.3333026
103.74128,1.332519
103.742065,1.332729
103.74284,1.332939
103.74263,1.3337225
103.74185,1.3335125
103.742065,1.332729
103.74029,1.3330927
103.74107,1.3333026
103.74086,1.3340862
103.74008,1.3338763
103.74029,1.3330927
103.74107,1.3333026
103.74185,1.3335125
103.741646,1.3342961
103.74086,1.3340862
103.74107,1.3333026
103.74185,1.3335125
103.74263,1.3337225
103.742424,1.334506
103.741646,1.3342961
103.74185,1.3335125
103.77028,1.3324895
103.77106,1.3326994
103.77085,1.333483
103.77007,1.333273
103.77028,1.3324895
103.77106,1.3326994
103.77184,1.3329093
103.77163,1.3336929
103.77085,1.333483
103.77106,1.3326994
103.77184,1.3329093
103.77262,1.3331193
103.772415,1.3339028
103.77163,1.3336929
103.77184,1.3329093
103.77007,1.333273
103.77085,1.333483
103.770645,1.3342665
103.76986,1.3340566
103.77007,1.333273
103.77085,1.333483
103.77163,1.3336929
103.77142,1.3344765
103.770645,1.3342665
103.77085,1.333483
103.77163,1.3336929
103.772415,1.3339028
103.7722,1.3346864
103.77142,1.3344765
103.77163,1.3336929
103.76986,1.3340566
103.770645,1.3342665
103.77043,1.3350501
103.76965,1.33484
103.76986,1.3340566
103.770645,1.3342665
103.77142,1.3344765
103.77121,1.33526
103.77043,1.3350501
103.770645,1.3342665
103.77142,1.3344765
103.7722,1.3346864
103.771996,1.33547
103.77121,1.33526
103.77142,1.3344765
103.7478,1.3363768
103.74858,1.3365868
103.748375,1.3373704
103.7476,1.3371603
103.7478,1.3363768
103.74858,1.3365868
103.74937,1.3367968
103.74915,1.3375803
103.748375,1.3373704
103.74858,1.3365868
103.74937,1.3367968
103.750145,1.3370067
103.74994,1.3377903
103.74915,1.3375803
103.74937,1.3367968
103.7476,1.3371603
103.748375,1.3373704
103.74817,1.3381538
103.74738,1.3379439
103.7476,1.3371603
103.748375,1.3373704
103.74915,1.3375803
103.74895,1.3383639
103.74817,1.3381538
103.748375,1.3373704
103.74915,1.3375803
103.74994,1.3377903
103.749725,1.3385738
103.74895,1.3383639
103.74915,1.3375803
103.74738,1.3379439
103.74817,1.3381538
103.747955,1.3389374
103.74718,1.3387275
103.74738,1.3379439
103.74817,1.3381538
103.74895,1.3383639
103.74873,1.3391474
103.747955,1.3389374
103.74817,1.3381538
103.74895,1.3383639
103.749725,1.3385738
103.74952,1.3393574
103.74873,1.3391474
103.74895,1.3383639
103.7453,1.3333744
103.74608,1.3335843
103.74587,1.3343679
103.74509,1.334158
103.7453,1.3333744
103.74608,1.3335843
103.746864,1.3337942
103.74665,1.3345778
103.74587,1.3343679
103.74608,1.3335843
103.746864,1.3337942
103.74764,1.3340042
103.74744,1.3347877
103.74665,1.3345778
103.746864,1.3337942
103.74509,1.334158
103.74587,1.3343679
103.74566,1.3351514
103.74488,1.3349414
103.74509,1.334158
103.74587,1.3343679
103.74665,1.3345778
103.746445,1.3353614
103.74566,1.3351514
103.74587,1.3343679
103.74665,1.3345778
103.74744,1.3347877
103.74722,1.3355713
103.746445,1.3353614
103.74665,1.3345778
103.74488,1.3349414
103.74566,1.3351514
103.74545,1.335935
103.744675,1.335725
103.74488,1.3349414
103.74566,1.3351514
103.746445,1.3353614
103.74623,1.3361449
103.74545,1.335935
103.74566,1.3351514
103.746445,1.3353614
103.74722,1.3355713
103.74702,1.3363549
103.74623,1.3361449
103.746445,1.3353614
103.74283,1.3330271
103.743614,1.333237
103.7434,1.3340206
103.74262,1.3338107
103.74283,1.3330271
103.743614,1.333237
103.74439,1.3334471
103.74419,1.3342307
103.7434,1.3340206
103.743614,1.333237
103.74439,1.3334471
103.74518,1.333657
103.744965,1.3344406
103.74419,1.3342307
103.74439,1.3334471
103.74262,1.3338107
103.7434,1.3340206
103.743195,1.3348042
103.74242,1.3345942
103.74262,1.3338107
103.7434,1.3340206
103.74419,1.3342307
103.74397,1.3350142
103.743195,1.3348042
103.7434,1.3340206
103.74419,1.3342307
103.744965,1.3344406
103.74476,1.3352242
103.74397,1.3350142
103.74419,1.3342307
103.74242,1.3345942
103.743195,1.3348042
103.74299,1.3355877
103.7422,1.3353778
103.74242,1.3345942
103.743195,1.3348042
103.74397,1.3350142
103.74377,1.3357977
103.74299,1.3355877
103.743195,1.3348042
103.74397,1.3350142
103.74476,1.3352242
103.744545,1.3360077
103.74377,1.3357977
103.74397,1.3350142
103.742546,1.3325304
103.743324,1.3327403
103.74312,1.3335239
103.74234,1.333314
103.742546,1.3325304
103.743324,1.3327403
103.74411,1.3329504
103.7439,1.3337338
103.74312,1.3335239
103.743324,1.3327403
103.74411,1.3329504
103.74489,1.3331603
103.74468,1.3339438
103.7439,1.3337338
103.74411,1.3329504
103.74489,1.3331603
103.745674,1.3333702
103.74546,1.3341538
103.74468,1.3339438
103.74489,1.3331603
103.74234,1.333314
103.74312,1.3335239
103.742905,1.3343074
103.74213,1.3340975
103.74234,1.333314
103.74312,1.3335239
103.7439,1.3337338
103.74369,1.3345174
103.742905,1.3343074
103.74312,1.3335239
103.7439,1.3337338
103.74468,1.3339438
103.74447,1.3347274
103.74369,1.3345174
103.7439,1.3337338
103.74468,1.3339438
103.74546,1.3341538
103.745255,1.3349373
103.74447,1.3347274
103.74468,1.3339438
103.74213,1.3340975
103.742905,1.3343074
103.7427,1.335091
103.74192,1.3348811
103.74213,1.3340975
103.742905,1.3343074
103.74369,1.3345174
103.74348,1.3353009
103.7427,1.335091
103.742905,1.3343074
103.74369,1.3345174
103.74447,1.3347274
103.74426,1.335511
103.74348,1.3353009
103.74369,1.3345174
103.74447,1.3347274
103.745255,1.3349373
103.74504,1.3357209
103.74426,1.335511
103.74447,1.3347274
103.74192,1.3348811
103.7427,1.335091
103.74249,1.3358746
103.74171,1.3356646
103.74192,1.3348811
103.7427,1.335091
103.74348,1.3353009
103.74327,1.3360845
103.74249,1.3358746
103.7427,1.335091
103.74348,1.3353009
103.74426,1.335511
103.74405,1.3362945
103.74327,1.3360845
103.74348,1.3353009
103.74426,1.335511
103.74504,1.3357209
103.744835,1.3365045
103.74405,1.3362945
103.74426,1.335511
103.74226,1.3320336
103.74304,1.3322436
103.74283,1.3330271
103.74205,1.3328172
103.74226,1.3320336
103.74304,1.3322436
103.74382,1.3324535
103.743614,1.333237
103.74283,1.3330271
103.74304,1.3322436
103.74382,1.3324535
103.744606,1.3326635
103.74439,1.3334471
103.743614,1.333237
103.74382,1.3324535
103.744606,1.3326635
103.745384,1.3328735
103.74518,1.333657
103.74439,1.3334471
103.744606,1.3326635
103.745384,1.3328735
103.74616,1.3330834
103.74596,1.333867
103.74518,1.333657
103.745384,1.3328735
103.74205,1.3328172
103.74283,1.3330271
103.74262,1.3338107
103.741844,1.3336008
103.74205,1.3328172
103.74283,1.3330271
103.743614,1.333237
103.7434,1.3340206
103.74262,1.3338107
103.74283,1.3330271
103.743614,1.333237
103.74439,1.3334471
103.74419,1.3342307
103.7434,1.3340206
103.743614,1.333237
103.74439,1.3334471
103.74518,1.333657
103.744965,1.3344406
103.74419,1.3342307
103.74439,1.3334471
103.74518,1.333657
103.74596,1.333867
103.74575,1.3346505
103.744965,1.3344406
103.74518,1.333657
103.741844,1.3336008
103.74262,1.3338107
103.74242,1.3345942
103.74163,1.3343843
103.741844,1.3336008
103.74262,1.3338107
103.7434,1.3340206
103.743195,1.3348042
103.74242,1.3345942
103.74262,1.3338107
103.7434,1.3340206
103.74419,1.3342307
103.74397,1.3350142
103.743195,1.3348042
103.7434,1.3340206
103.74419,1.3342307
103.744965,1.3344406
103.74476,1.3352242
103.74397,1.3350142
103.74419,1.3342307
103.744965,1.3344406
103.74575,1.3346505
103.74554,1.3354341
103.74476,1.3352242
103.744965,1.3344406
103.74163,1.3343843
103.74242,1.3345942
103.7422,1.3353778
103.741425,1.3351679
103.74163,1.3343843
103.74242,1.3345942
103.743195,1.3348042
103.74299,1.3355877
103.7422,1.3353778
103.74242,1.3345942
103.743195,1.3348042
103.74397,1.3350142
103.74377,1.3357977
103.74299,1.3355877
103.743195,1.3348042
103.74397,1.3350142
103.74476,1.3352242
103.744545,1.3360077
103.74377,1.3357977
103.74397,1.3350142
103.74476,1.3352242
103.74554,1.3354341
103.74533,1.3362176
103.744545,1.3360077
103.74476,1.3352242
103.741425,1.3351679
103.7422,1.3353778
103.742,1.3361614
103.74121,1.3359514
103.741425,1.3351679
103.7422,1.3353778
103.74299,1.3355877
103.742775,1.3363713
103.742,1.3361614
103.7422,1.3353778
103.74299,1.3355877
103.74377,1.3357977
103.74355,1.3365812
103.742775,1.3363713
103.74299,1.3355877
103.74377,1.3357977
103.744545,1.3360077
103.74434,1.3367913
103.74355,1.3365812
103.74377,1.3357977
103.744545,1.3360077
103.74533,1.3362176
103.74512,1.3370012
103.74434,1.3367913
103.744545,1.3360077
103.741974,1.3315369
103.74275,1.3317468
103.742546,1.3325304
103.74177,1.3323205
103.741974,1.3315369
103.74275,1.3317468
103.74354,1.3319567
103.743324,1.3327403
103.742546,1.3325304
103.74275,1.3317468
103.74354,1.3319567
103.744316,1.3321668
103.74411,1.3329504
103.743324,1.3327403
103.74354,1.3319567
103.744316,1.3321668
103.7451,1.3323767
103.74489,1.3331603
103.74411,1.3329504
103.744316,1.3321668
103.7451,1.3323767
103.74588,1.3325866
103.745674,1.3333702
103.74489,1.3331603
103.7451,1.3323767
103.74588,1.3325866
103.74666,1.3327966
103.74645,1.3335801
103.745674,1.3333702
103.74588,1.3325866
103.74177,1.3323205
103.742546,1.3325304
103.74234,1.333314
103.741554,1.333104
103.74177,1.3323205
103.742546,1.3325304
103.743324,1.3327403
103.74312,1.3335239
103.74234,1.333314
103.742546,1.3325304
103.743324,1.3327403
103.74411,1.3329504
103.7439,1.3337338
103.74312,1.3335239
103.743324,1.3327403
103.74411,1.3329504
103.74489,1.3331603
103.74468,1.3339438
103.7439,1.3337338
103.74411,1.3329504
103.74489,1.3331603
103.745674,1.3333702
103.74546,1.3341538
103.74468,1.3339438
103.74489,1.3331603
103.745674,1.3333702
103.74645,1.3335801
103.74624,1.3343637
103.74546,1.3341538
103.745674,1.3333702
103.741554,1.333104
103.74234,1.333314
103.74213,1.3340975
103.74135,1.3338876
103.741554,1.333104
103.74234,1.333314
103.74312,1.3335239
103.742905,1.3343074
103.74213,1.3340975
103.74234,1.333314
103.74312,1.3335239
103.7439,1.3337338
103.74369,1.3345174
103.742905,1.3343074
103.74312,1.3335239
103.7439,1.3337338
103.74468,1.3339438
103.74447,1.3347274
103.74369,1.3345174
103.7439,1.3337338
103.74468,1.3339438
103.74546,1.3341538
103.745255,1.3349373
103.74447,1.3347274
103.74468,1.3339438
103.74546,1.3341538
103.74624,1.3343637
103.74603,1.3351473
103.745255,1.3349373
103.74546,1.3341538
103.74135,1.3338876
103.74213,1.3340975
103.74192,1.3348811
103.741135,1.3346711
103.74135,1.3338876
103.74213,1.3340975
103.742905,1.3343074
103.7427,1.335091
103.74192,1.3348811
103.74213,1.3340975
103.742905,1.3343074
103.74369,1.3345174
103.74348,1.3353009
103.7427,1.335091
103.742905,1.3343074
103.74369,1.3345174
103.74447,1.3347274
103.74426,1.335511
103.74348,1.3353009
103.74369,1.3345174
103.74447,1.3347274
103.745255,1.3349373
103.74504,1.3357209
103.74426,1.335511
103.74447,1.3347274
103.745255,1.3349373
103.74603,1.3351473
103.74583,1.3359308
103.74504,1.3357209
103.745255,1.3349373
103.741135,1.3346711
103.74192,1.3348811
103.74171,1.3356646
103.74093,1.3354547
103.741135,1.3346711
103.74192,1.3348811
103.7427,1.335091
103.74249,1.3358746
103.74171,1.3356646
103.74192,1.3348811
103.7427,1.335091
103.74348,1.3353009
103.74327,1.3360845
103.74249,1.3358746
103.7427,1.335091
103.74348,1.3353009
103.74426,1.335511
103.74405,1.3362945
103.74327,1.3360845
103.74348,1.3353009
103.74426,1.335511
103.74504,1.3357209
103.744835,1.3365045
103.74405,1.3362945
103.74426,1.335511
103.74504,1.3357209
103.74583,1.3359308
103.74561,1.3367144
103.744835,1.3365045
103.74504,1.3357209
103.74093,1.3354547
103.74171,1.3356646
103.7415,1.3364482
103.740715,1.3362383
103.74093,1.3354547
103.74171,1.3356646
103.74249,1.3358746
103.74228,1.3366581
103.7415,1.3364482
103.74171,1.3356646
103.74249,1.3358746
103.74327,1.3360845
103.743065,1.336868
103.74228,1.3366581
103.74249,1.3358746
103.74327,1.3360845
103.74405,1.3362945
103.74384,1.3370781
103.743065,1.336868
103.74327,1.3360845
103.74405,1.3362945
103.744835,1.3365045
103.74462,1.337288
103.74384,1.3370781
103.74405,1.3362945
103.744835,1.3365045
103.74561,1.3367144
103.74541,1.337498
103.74462,1.337288
103.744835,1.3365045
103.74169,1.3310401
103.74247,1.3312501
103.74226,1.3320336
103.74148,1.3318237
103.74169,1.3310401
103.74247,1.3312501
103.74325,1.33146
103.74304,1.3322436
103.74226,1.3320336
103.74247,1.3312501
103.74325,1.33146
103.74403,1.33167
103.74382,1.3324535
103.74304,1.3322436
103.74325,1.33146
103.74403,1.33167
103.74481,1.33188
103.744606,1.3326635
103.74382,1.3324535
103.74403,1.33167
103.74481,1.33188
103.74559,1.3320899
103.745384,1.3328735
103.744606,1.3326635
103.74481,1.33188
103.74559,1.3320899
103.746376,1.3322998
103.74616,1.3330834
103.745384,1.3328735
103.74559,1.3320899
103.746376,1.3322998
103.747154,1.3325098
103.74695,1.3332933
103.74616,1.3330834
103.746376,1.3322998
103.74148,1.3318237
103.74226,1.3320336
103.74205,1.3328172
103.74127,1.3326073
103.74148,1.3318237
103.74226,1.3320336
103.74304,1.3322436
103.74283,1.3330271
103.74205,1.3328172
103.74226,1.3320336
103.74304,1.3322436
103.74382,1.3324535
103.743614,1.333237
103.74283,1.3330271
103.74304,1.3322436
103.74382,1.3324535
103.744606,1.3326635
103.74439,1.3334471
103.743614,1.333237
103.74382,1.3324535
103.744606,1.3326635
103.745384,1.3328735
103.74518,1.333657
103.74439,1.3334471
103.744606,1.3326635
103.745384,1.3328735
103.74616,1.3330834
103.74596,1.333867
103.74518,1.333657
103.745384,1.3328735
103.74616,1.3330834
103.74695,1.3332933
103.746735,1.3340769
103.74596,1.333867
103.74616,1.3330834
103.74127,1.3326073
103.74205,1.3328172
103.741844,1.3336008
103.74106,1.3333908
103.74127,1.3326073
103.74205,1.3328172
103.74283,1.3330271
103.74262,1.3338107
103.741844,1.3336008
103.74205,1.3328172
103.74283,1.3330271
103.743614,1.333237
103.7434,1.3340206
103.74262,1.3338107
103.74283,1.3330271
103.743614,1.333237
103.74439,1.3334471
103.74419,1.3342307
103.7434,1.3340206
103.743614,1.333237
103.74439,1.3334471
103.74518,1.333657
103.744965,1.3344406
103.74419,1.3342307
103.74439,1.3334471
103.74518,1.333657
103.74596,1.333867
103.74575,1.3346505
103.744965,1.3344406
103.74518,1.333657
103.74596,1.333867
103.746735,1.3340769
103.74653,1.3348604
103.74575,1.3346505
103.74596,1.333867
103.74106,1.3333908
103.741844,1.3336008
103.74163,1.3343843
103.74085,1.3341744
103.74106,1.3333908
103.741844,1.3336008
103.74262,1.3338107
103.74242,1.3345942
103.74163,1.3343843
103.741844,1.3336008
103.74262,1.3338107
103.7434,1.3340206
103.743195,1.3348042
103.74242,1.3345942
103.74262,1.3338107
103.7434,1.3340206
103.74419,1.3342307
103.74397,1.3350142
103.743195,1.3348042
103.7434,1.3340206
103.74419,1.3342307
103.744965,1.3344406
103.74476,1.3352242
103.74397,1.3350142
103.74419,1.3342307
103.744965,1.3344406
103.74575,1.3346505
103.74554,1.3354341
103.74476,1.3352242
103.744965,1.3344406
103.74575,1.3346505
103.74653,1.3348604
103.74632,1.335644
103.74554,1.3354341
103.74575,1.3346505
103.74085,1.3341744
103.74163,1.3343843
103.741425,1.3351679
103.74064,1.334958
103.74085,1.3341744
103.74163,1.3343843
103.74242,1.3345942
103.7422,1.3353778
103.741425,1.3351679
103.74163,1.3343843
103.74242,1.3345942
103.743195,1.3348042
103.74299,1.3355877
103.7422,1.3353778
103.74242,1.3345942
103.743195,1.3348042
103.74397,1.3350142
103.74377,1.3357977
103.74299,1.3355877
103.743195,1.3348042
103.74397,1.3350142
103.74476,1.3352242
103.744545,1.3360077
103.74377,1.3357977
103.74397,1.3350142
103.74476,1.3352242
103.74554,1.3354341
103.74533,1.3362176
103.744545,1.3360077
103.74476,1.3352242
103.74554,1.3354341
103.74632,1.335644
103.74611,1.3364276
103.74533,1.3362176
103.74554,1.3354341
103.74064,1.334958
103.741425,1.3351679
103.74121,1.3359514
103.74043,1.3357415
103.74064,1.334958
103.741425,1.3351679
103.7422,1.3353778
103.742,1.3361614
103.74121,1.3359514
103.741425,1.3351679
103.7422,1.3353778
103.74299,1.3355877
103.742775,1.3363713
103.742,1.3361614
103.7422,1.3353778
103.74299,1.3355877
103.74377,1.3357977
103.74355,1.3365812
103.742775,1.3363713
103.74299,1.3355877
103.74377,1.3357977
103.744545,1.3360077
103.74434,1.3367913
103.74355,1.3365812
103.74377,1.3357977
103.744545,1.3360077
103.74533,1.3362176
103.74512,1.3370012
103.74434,1.3367913
103.744545,1.3360077
103.74533,1.3362176
103.74611,1.3364276
103.7459,1.3372111
103.74512,1.3370012
103.74533,1.3362176
103.74043,1.3357415
103.74121,1.3359514
103.741005,1.336735
103.74023,1.3365251
103.74043,1.3357415
103.74121,1.3359514
103.742,1.3361614
103.74178,1.3369449
103.741005,1.336735
103.74121,1.3359514
103.742,1.3361614
103.742775,1.3363713
103.74257,1.3371549
103.74178,1.3369449
103.742,1.3361614
103.742775,1.3363713
103.74355,1.3365812
103.74335,1.3373648
103.74257,1.3371549
103.742775,1.3363713
103.74355,1.3365812
103.74434,1.3367913
103.744125,1.3375748
103.74335,1.3373648
103.74355,1.3365812
103.74434,1.3367913
103.74512,1.3370012
103.74491,1.3377848
103.744125,1.3375748
103.74434,1.3367913
103.74512,1.3370012
103.7459,1.3372111
103.74569,1.3379947
103.74491,1.3377848
103.74512,1.3370012
103.741486,1.3306912
103.74234,1.3309221
103.74211,1.3317841
103.74126,1.3315531
103.741486,1.3306912
103.74234,1.3309221
103.7432,1.3311532
103.74297,1.332015
103.74211,1.3317841
103.74234,1.3309221
103.7432,1.3311532
103.744064,1.3313841
103.74383,1.332246
103.74297,1.332015
103.7432,1.3311532
103.744064,1.3313841
103.74492,1.331615
103.74469,1.332477
103.74383,1.332246
103.744064,1.3313841
103.74492,1.331615
103.74578,1.331846
103.74555,1.3327079
103.74469,1.332477
103.74492,1.331615
103.74578,1.331846
103.74664,1.3320769
103.74641,1.3329388
103.74555,1.3327079
103.74578,1.331846
103.74664,1.3320769
103.7475,1.3323078
103.74727,1.3331698
103.74641,1.3329388
103.74664,1.3320769
103.74126,1.3315531
103.74211,1.3317841
103.74188,1.332646
103.74102,1.3324151
103.74126,1.3315531
103.74211,1.3317841
103.74297,1.332015
103.742744,1.3328769
103.74188,1.332646
103.74211,1.3317841
103.74297,1.332015
103.74383,1.332246
103.7436,1.333108
103.742744,1.3328769
103.74297,1.332015
103.74383,1.332246
103.74469,1.332477
103.74446,1.3333389
103.7436,1.333108
103.74383,1.332246
103.74469,1.332477
103.74555,1.3327079
103.74532,1.3335698
103.74446,1.3333389
103.74469,1.332477
103.74555,1.3327079
103.74641,1.3329388
103.74618,1.3338008
103.74532,1.3335698
103.74555,1.3327079
103.74641,1.3329388
103.74727,1.3331698
103.74704,1.3340317
103.74618,1.3338008
103.74641,1.3329388
103.74102,1.3324151
103.74188,1.332646
103.74165,1.3335079
103.74079,1.333277
103.74102,1.3324151
103.74188,1.332646
103.742744,1.3328769
103.74251,1.3337389
103.74165,1.3335079
103.74188,1.332646
103.742744,1.3328769
103.7436,1.333108
103.74337,1.3339698
103.74251,1.3337389
103.742744,1.3328769
103.7436,1.333108
103.74446,1.3333389
103.74423,1.3342007
103.74337,1.3339698
103.7436,1.333108
103.74446,1.3333389
103.74532,1.3335698
103.74509,1.3344318
103.74423,1.3342007
103.74446,1.3333389
103.74532,1.3335698
103.74618,1.3338008
103.74595,1.3346627
103.74509,1.3344318
103.74532,1.3335698
103.74618,1.3338008
103.74704,1.3340317
103.74681,1.3348936
103.74595,1.3346627
103.74618,1.3338008
103.74079,1.333277
103.74165,1.3335079
103.741425,1.3343698
103.74056,1.3341389
103.74079,1.333277
103.74165,1.3335079
103.74251,1.3337389
103.74228,1.3346008
103.741425,1.3343698
103.74165,1.3335079
103.74251,1.3337389
103.74337,1.3339698
103.74314,1.3348317
103.74228,1.3346008
103.74251,1.3337389
103.74337,1.3339698
103.74423,1.3342007
103.744,1.3350626
103.74314,1.3348317
103.74337,1.3339698
103.74423,1.3342007
103.74509,1.3344318
103.74486,1.3352937
103.744,1.3350626
103.74423,1.3342007
103.74509,1.3344318
103.74595,1.3346627
103.74572,1.3355246
103.74486,1.3352937
103.74509,1.3344318
103.74595,1.3346627
103.74681,1.3348936
103.746574,1.3357555
103.74572,1.3355246
103.74595,1.3346627
103.74056,1.3341389
103.741425,1.3343698
103.74119,1.3352318
103.74033,1.3350008
103.74056,1.3341389
103.741425,1.3343698
103.74228,1.3346008
103.74205,1.3354627
103.74119,1.3352318
103.741425,1.3343698
103.74228,1.3346008
103.74314,1.3348317
103.74291,1.3356936
103.74205,1.3354627
103.74228,1.3346008
103.74314,1.3348317
103.744,1.3350626
103.74377,1.3359246
103.74291,1.3356936
103.74314,1.3348317
103.744,1.3350626
103.74486,1.3352937
103.74463,1.3361555
103.74377,1.3359246
103.744,1.3350626
103.74486,1.3352937
103.74572,1.3355246
103.74549,1.3363864
103.74463,1.3361555
103.74486,1.3352937
103.74572,1.3355246
103.746574,1.3357555
103.746346,1.3366175
103.74549,1.3363864
103.74572,1.3355246
103.74033,1.3350008
103.74119,1.3352318
103.74096,1.3360937
103.740105,1.3358628
103.74033,1.3350008
103.74119,1.3352318
103.74205,1.3354627
103.74182,1.3363246
103.74096,1.3360937
103.74119,1.3352318
103.74205,1.3354627
103.74291,1.3356936
103.74268,1.3365556
103.74182,1.3363246
103.74205,1.3354627
103.74291,1.3356936
103.74377,1.3359246
103.74354,1.3367865
103.74268,1.3365556
103.74291,1.3356936
103.74377,1.3359246
103.74463,1.3361555
103.7444,1.3370174
103.74354,1.3367865
103.74377,1.3359246
103.74463,1.3361555
103.74549,1.3363864
103.745255,1.3372484
103.7444,1.3370174
103.74463,1.3361555
103.74549,1.3363864
103.746346,1.3366175
103.74612,1.3374794
103.745255,1.3372484
103.74549,1.3363864
103.740105,1.3358628
103.74096,1.3360937
103.74073,1.3369555
103.739876,1.3367246
103.740105,1.3358628
103.74096,1.3360937
103.74182,1.3363246
103.74159,1.3371866
103.74073,1.3369555
103.74096,1.3360937
103.74182,1.3363246
103.74268,1.3365556
103.74245,1.3374175
103.74159,1.3371866
103.74182,1.3363246
103.74268,1.3365556
103.74354,1.3367865
103.74331,1.3376484
103.74245,1.3374175
103.74268,1.3365556
103.74354,1.3367865
103.7444,1.3370174
103.74417,1.3378794
103.74331,1.3376484
103.74354,1.3367865
103.7444,1.3370174
103.745255,1.3372484
103.745026,1.3381103
103.74417,1.3378794
103.7444,1.3370174
103.745255,1.3372484
103.74612,1.3374794
103.74589,1.3383412
103.745026,1.3381103
103.745255,1.3372484
103.74127,1.3303102
103.74222,1.3305645
103.74196,1.3315126
103.74101,1.3312583
103.74127,1.3303102
103.74222,1.3305645
103.743164,1.3308188
103.742905,1.331767
103.74196,1.3315126
103.74222,1.3305645
103.743164,1.3308188
103.74411,1.331073
103.74385,1.3320212
103.742905,1.331767
103.743164,1.3308188
103.74411,1.331073
103.745056,1.3313273
103.7448,1.3322755
103.74385,1.3320212
103.74411,1.331073
103.745056,1.3313273
103.745995,1.3315792
103.745735,1.3325274
103.7448,1.3322755
103.745056,1.3313273
103.745995,1.3315792
103.74694,1.3318335
103.74668,1.3327817
103.745735,1.3325274
103.745995,1.3315792
103.74694,1.3318335
103.74789,1.3320878
103.74763,1.333036
103.74668,1.3327817
103.74694,1.3318335
103.74101,1.3312583
103.74196,1.3315126
103.74171,1.3324606
103.74076,1.3322064
103.74101,1.3312583
103.74196,1.3315126
103.742905,1.331767
103.74265,1.3327149
103.74171,1.3324606
103.74196,1.3315126
103.742905,1.331767
103.74385,1.3320212
103.7436,1.3329692
103.74265,1.3327149
103.742905,1.331767
103.74385,1.3320212
103.7448,1.3322755
103.744545,1.3332235
103.7436,1.3329692
103.74385,1.3320212
103.7448,1.3322755
103.745735,1.3325274
103.74548,1.3334755
103.744545,1.3332235
103.7448,1.3322755
103.745735,1.3325274
103.74668,1.3327817
103.74643,1.3337297
103.74548,1.3334755
103.745735,1.3325274
103.74668,1.3327817
103.74763,1.333036
103.747375,1.333984
103.74643,1.3337297
103.74668,1.3327817
103.74076,1.3322064
103.74171,1.3324606
103.741455,1.3334088
103.74051,1.3331546
103.74076,1.3322064
103.74171,1.3324606
103.74265,1.3327149
103.7424,1.3336631
103.741455,1.3334088
103.74171,1.3324606
103.74265,1.3327149
103.7436,1.3329692
103.74335,1.3339174
103.7424,1.3336631
103.74265,1.3327149
103.7436,1.3329692
103.744545,1.3332235
103.74429,1.3341717
103.74335,1.3339174
103.7436,1.3329692
103.744545,1.3332235
103.74548,1.3334755
103.74523,1.3344235
103.74429,1.3341717
103.744545,1.3332235
103.74548,1.3334755
103.74643,1.3337297
103.74618,1.3346778
103.74523,1.3344235
103.74548,1.3334755
103.74643,1.3337297
103.747375,1.333984
103.74712,1.3349321
103.74618,1.3346778
103.74643,1.3337297
103.74051,1.3331546
103.741455,1.3334088
103.7412,1.3343568
103.74026,1.3341025
103.74051,1.3331546
103.741455,1.3334088
103.7424,1.3336631
103.74215,1.334611
103.7412,1.3343568
103.741455,1.3334088
103.7424,1.3336631
103.74335,1.3339174
103.743095,1.3348653
103.74215,1.334611
103.7424,1.3336631
103.74335,1.3339174
103.74429,1.3341717
103.74404,1.3351196
103.743095,1.3348653
103.74335,1.3339174
103.74429,1.3341717
103.74523,1.3344235
103.74498,1.3353716
103.74404,1.3351196
103.74429,1.3341717
103.74523,1.3344235
103.74618,1.3346778
103.745926,1.3356259
103.74498,1.3353716
103.74523,1.3344235
103.74618,1.3346778
103.74712,1.3349321
103.74687,1.3358802
103.745926,1.3356259
103.74618,1.3346778
103.74026,1.3341025
103.7412,1.3343568
103.74095,1.335305
103.740005,1.3350507
103.74026,1.3341025
103.7412,1.3343568
103.74215,1.334611
103.7419,1.3355592
103.74095,1.335305
103.7412,1.3343568
103.74215,1.334611
103.743095,1.3348653
103.74284,1.3358135
103.7419,1.3355592
103.74215,1.334611
103.743095,1.3348653
103.74404,1.3351196
103.74379,1.3360678
103.74284,1.3358135
103.743095,1.3348653
103.74404,1.3351196
103.74498,1.3353716
103.74473,1.3363198
103.74379,1.3360678
103.74404,1.3351196
103.74498,1.3353716
103.745926,1.3356259
103.745674,1.3365741
103.74473,1.3363198
103.74498,1.3353716
103.745926,1.3356259
103.74687,1.3358802
103.74662,1.3368284
103.745674,1.3365741
103.745926,1.3356259
103.740005,1.3350507
103.74095,1.335305
103.74069,1.3362532
103.739746,1.3359989
103.740005,1.3350507
103.74095,1.335305
103.7419,1.3355592
103.74164,1.3365074
103.74069,1.3362532
103.74095,1.335305
103.7419,1.3355592
103.74284,1.3358135
103.742584,1.3367617
103.74164,1.3365074
103.7419,1.3355592
103.74284,1.3358135
103.74379,1.3360678
103.74353,1.337016
103.742584,1.3367617
103.74284,1.3358135
103.74379,1.3360678
103.74473,1.3363198
103.74447,1.3372679
103.74353,1.337016
103.74379,1.3360678
103.74473,1.3363198
103.745674,1.3365741
103.745415,1.3375221
103.74447,1.3372679
103.74473,1.3363198
103.745674,1.3365741
103.74662,1.3368284
103.74636,1.3377764
103.745415,1.3375221
103.745674,1.3365741
103.739746,1.3359989
103.74069,1.3362532
103.74044,1.3372011
103.739494,1.3369468
103.739746,1.3359989
103.74069,1.3362532
103.74164,1.3365074
103.74139,1.3374554
103.74044,1.3372011
103.74069,1.3362532
103.74164,1.3365074
103.742584,1.3367617
103.74233,1.3377097
103.74139,1.3374554
103.74164,1.3365074
103.742584,1.3367617
103.74353,1.337016
103.74328,1.3379639
103.74233,1.3377097
103.742584,1.3367617
103.74353,1.337016
103.74447,1.3372679
103.74422,1.338216
103.74328,1.3379639
103.74353,1.337016
103.74447,1.3372679
103.745415,1.3375221
103.74516,1.3384702
103.74422,1.338216
103.74447,1.3372679
103.745415,1.3375221
103.74636,1.3377764
103.74611,1.3387245
103.74516,1.3384702
103.745415,1.3375221
103.74103,1.3298898
103.74207,1.3301697
103.74179,1.3312126
103.74075,1.3309327
103.74103,1.3298898
103.74207,1.3301697
103.74311,1.3304496
103.742836,1.3314927
103.74179,1.3312126
103.74207,1.3301697
103.74311,1.3304496
103.74414,1.3307272
103.743866,1.3317702
103.742836,1.3314927
103.74311,1.3304496
103.74414,1.3307272
103.745186,1.3310071
103.7449,1.3320502
103.743866,1.3317702
103.74414,1.3307272
103.745186,1.3310071
103.74622,1.3312871
103.74595,1.3323301
103.7449,1.3320502
103.745186,1.3310071
103.74622,1.3312871
103.74727,1.331567
103.74699,1.33261
103.74595,1.3323301
103.74622,1.3312871
103.74727,1.331567
103.74831,1.331847
103.74803,1.3328899
103.74699,1.33261
103.74727,1.331567
103.74075,1.3309327
103.74179,1.3312126
103.741516,1.3322555
103.74047,1.3319756
103.74075,1.3309327
103.74179,1.3312126
103.742836,1.3314927
103.74255,1.3325355
103.741516,1.3322555
103.74179,1.3312126
103.742836,1.3314927
103.743866,1.3317702
103.74358,1.332813
103.74255,1.3325355
103.742836,1.3314927
103.743866,1.3317702
103.7449,1.3320502
103.74463,1.333093
103.74358,1.332813
103.743866,1.3317702
103.7449,1.3320502
103.74595,1.3323301
103.74567,1.333373
103.74463,1.333093
103.7449,1.3320502
103.74595,1.3323301
103.74699,1.33261
103.74671,1.3336529
103.74567,1.333373
103.74595,1.3323301
103.74699,1.33261
103.74803,1.3328899
103.74775,1.3339328
103.74671,1.3336529
103.74699,1.33261
103.74047,1.3319756
103.741516,1.3322555
103.741234,1.3332984
103.74019,1.3330185
103.74047,1.3319756
103.741516,1.3322555
103.74255,1.3325355
103.74228,1.3335785
103.741234,1.3332984
103.741516,1.3322555
103.74255,1.3325355
103.74358,1.332813
103.74331,1.333856
103.74228,1.3335785
103.74255,1.3325355
103.74358,1.332813
103.74463,1.333093
103.74435,1.334136
103.74331,1.333856
103.74358,1.332813
103.74463,1.333093
103.74567,1.333373
103.74539,1.3344159
103.74435,1.334136
103.74463,1.333093
103.74567,1.333373
103.74671,1.3336529
103.74643,1.3346958
103.74539,1.3344159
103.74567,1.333373
103.74671,1.3336529
103.74775,1.3339328
103.747475,1.3349757
103.74643,1.3346958
103.74671,1.3336529
103.74019,1.3330185
103.741234,1.3332984
103.74095,1.3343413
103.739914,1.3340614
103.74019,1.3330185
103.741234,1.3332984
103.74228,1.3335785
103.742,1.3346213
103.74095,1.3343413
103.741234,1.3332984
103.74228,1.3335785
103.74331,1.333856
103.74303,1.3348988
103.742,1.3346213
103.74228,1.3335785
103.74331,1.333856
103.74435,1.334136
103.74407,1.3351789
103.74303,1.3348988
103.74331,1.333856
103.74435,1.334136
103.74539,1.3344159
103.74511,1.3354588
103.74407,1.3351789
103.74435,1.334136
103.74539,1.3344159
103.74643,1.3346958
103.746155,1.3357387
103.74511,1.3354588
103.74539,1.3344159
103.74643,1.3346958
103.747475,1.3349757
103.74719,1.3360186
103.746155,1.3357387
103.74643,1.3346958
103.739914,1.3340614
103.74095,1.3343413
103.74068,1.3353842
103.73963,1.3351043
103.739914,1.3340614
103.74095,1.3343413
103.742,1.3346213
103.741714,1.3356643
103.74068,1.3353842
103.74095,1.3343413
103.742,1.3346213
103.74303,1.3348988
103.74275,1.3359418
103.741714,1.3356643
103.742,1.3346213
103.74303,1.3348988
103.74407,1.3351789
103.74379,1.3362218
103.74275,1.3359418
103.74303,1.3348988
103.74407,1.3351789
103.74511,1.3354588
103.744835,1.3365017
103.74379,1.3362218
103.74407,1.3351789
103.74511,1.3354588
103.746155,1.3357387
103.74587,1.3367816
103.744835,1.3365017
103.74511,1.3354588
103.746155,1.3357387
103.74719,1.3360186
103.74692,1.3370616
103.74587,1.3367816
103.746155,1.3357387
103.73963,1.3351043
103.74068,1.3353842
103.740395,1.3364271
103.73936,1.3361472
103.73963,1.3351043
103.74068,1.3353842
103.741714,1.3356643
103.74144,1.3367071
103.740395,1.3364271
103.74068,1.3353842
103.741714,1.3356643
103.74275,1.3359418
103.74247,1.3369846
103.74144,1.3367071
103.741714,1.3356643
103.74275,1.3359418
103.74379,1.3362218
103.743515,1.3372647
103.74247,1.3369846
103.74275,1.3359418
103.74379,1.3362218
103.744835,1.3365017
103.74455,1.3375446
103.743515,1.3372647
103.74379,1.3362218
103.744835,1.3365017
103.74587,1.3367816
103.7456,1.3378245
103.74455,1.3375446
103.744835,1.3365017
103.74587,1.3367816
103.74692,1.3370616
103.746635,1.3381044
103.7456,1.3378245
103.74587,1.3367816
103.73936,1.3361472
103.740395,1.3364271
103.74012,1.33747
103.739075,1.3371902
103.73936,1.3361472
103.740395,1.3364271
103.74144,1.3367071
103.74116,1.3377501
103.74012,1.33747
103.740395,1.3364271
103.74144,1.3367071
103.74247,1.3369846
103.742195,1.3380276
103.74116,1.3377501
103.74144,1.3367071
103.74247,1.3369846
103.743515,1.3372647
103.74323,1.3383076
103.742195,1.3380276
103.74247,1.3369846
103.743515,1.3372647
103.74455,1.3375446
103.74428,1.3385875
103.74323,1.3383076
103.743515,1.3372647
103.74455,1.3375446
103.7456,1.3378245
103.745316,1.3388674
103.74428,1.3385875
103.74455,1.3375446
103.7456,1.3378245
103.746635,1.3381044
103.74636,1.3391474
103.745316,1.3388674
103.7456,1.3378245
103.74076,1.3294268
103.741905,1.3297347
103.7416,1.330882
103.740456,1.330574
103.74076,1.3294268
103.741905,1.3297347
103.74305,1.3300427
103.742744,1.3311899
103.7416,1.330882
103.741905,1.3297347
103.74305,1.3300427
103.74419,1.3303483
103.74388,1.3314954
103.742744,1.3311899
103.74305,1.3300427
103.74419,1.3303483
103.74534,1.3306562
103.745026,1.3318033
103.74388,1.3314954
103.74419,1.3303483
103.74534,1.3306562
103.74648,1.3309641
103.74618,1.3321114
103.745026,1.3318033
103.74534,1.3306562
103.74648,1.3309641
103.74763,1.331272
103.74732,1.3324193
103.74618,1.3321114
103.74648,1.3309641
103.74763,1.331272
103.748764,1.3315777
103.74846,1.3327248
103.74732,1.3324193
103.74763,1.331272
103.740456,1.330574
103.7416,1.330882
103.741295,1.3320291
103.74015,1.3317212
103.740456,1.330574
103.7416,1.330882
103.742744,1.3311899
103.74244,1.332337
103.741295,1.3320291
103.7416,1.330882
103.742744,1.3311899
103.74388,1.3314954
103.743576,1.3326427
103.74244,1.332337
103.742744,1.3311899
103.74388,1.3314954
103.745026,1.3318033
103.74472,1.3329506
103.743576,1.3326427
103.74388,1.3314954
103.745026,1.3318033
103.74618,1.3321114
103.745865,1.3332585
103.74472,1.3329506
103.745026,1.3318033
103.74618,1.3321114
103.74732,1.3324193
103.74702,1.3335664
103.745865,1.3332585
103.74618,1.3321114
103.74732,1.3324193
103.74846,1.3327248
103.74815,1.333872
103.74702,1.3335664
103.74732,1.3324193
103.74015,1.3317212
103.741295,1.3320291
103.74099,1.3331764
103.739845,1.3328685
103.74015,1.3317212
103.741295,1.3320291
103.74244,1.332337
103.742134,1.3334843
103.74099,1.3331764
103.741295,1.3320291
103.74244,1.332337
103.743576,1.3326427
103.74327,1.33379
103.742134,1.3334843
103.74244,1.332337
103.743576,1.3326427
103.74472,1.3329506
103.744415,1.3340979
103.74327,1.33379
103.743576,1.3326427
103.74472,1.3329506
103.745865,1.3332585
103.74556,1.3344058
103.744415,1.3340979
103.74472,1.3329506
103.745865,1.3332585
103.74702,1.3335664
103.746704,1.3347137
103.74556,1.3344058
103.745865,1.3332585
103.74702,1.3335664
103.74815,1.333872
103.74784,1.3350194
103.746704,1.3347137
103.74702,1.3335664
103.739845,1.3328685
103.74099,1.3331764
103.740685,1.3343235
103.73953,1.3340156
103.739845,1.3328685
103.74099,1.3331764
103.742134,1.3334843
103.74183,1.3346316
103.740685,1.3343235
103.74099,1.3331764
103.742134,1.3334843
103.74327,1.33379
103.742966,1.3349371
103.74183,1.3346316
103.742134,1.3334843
103.74327,1.33379
103.744415,1.3340979
103.74411,1.335245
103.742966,1.3349371
103.74327,1.33379
103.744415,1.3340979
103.74556,1.3344058
103.745255,1.3355529
103.74411,1.335245
103.744415,1.3340979
103.74556,1.3344058
103.746704,1.3347137
103.7464,1.3358608
103.745255,1.3355529
103.74556,1.3344058
103.746704,1.3347137
103.74784,1.3350194
103.747536,1.3361665
103.7464,1.3358608
103.746704,1.3347137
103.73953,1.3340156
103.740685,1.3343235
103.74037,1.3354708
103.73923,1.3351628
103.73953,1.3340156
103.740685,1.3343235
103.74183,1.3346316
103.74152,1.3357787
103.74037,1.3354708
103.740685,1.3343235
103.74183,1.3346316
103.742966,1.3349371
103.74266,1.3360842
103.74152,1.3357787
103.74183,1.3346316
103.742966,1.3349371
103.74411,1.335245
103.743805,1.3363922
103.74266,1.3360842
103.742966,1.3349371
103.74411,1.335245
103.745255,1.3355529
103.74495,1.3367002
103.743805,1.3363922
103.74411,1.335245
103.745255,1.3355529
103.7464,1.3358608
103.74609,1.3370081
103.74495,1.3367002
103.745255,1.3355529
103.7464,1.3358608
103.747536,1.3361665
103.74723,1.3373137
103.74609,1.3370081
103.7464,1.3358608
103.73923,1.3351628
103.74037,1.3354708
103.74007,1.336618
103.73892,1.33631
103.73923,1.3351628
103.74037,1.3354708
103.74152,1.3357787
103.74121,1.3369259
103.74007,1.336618
103.74037,1.3354708
103.74152,1.3357787
103.74266,1.3360842
103.74235,1.3372314
103.74121,1.3369259
103.74152,1.3357787
103.74266,1.3360842
103.743805,1.3363922
103.7435,1.3375394
103.74235,1.3372314
103.74266,1.3360842
103.743805,1.3363922
103.74495,1.3367002
103.744644,1.3378474
103.7435,1.3375394
103.743805,1.3363922
103.74495,1.3367002
103.74609,1.3370081
103.74579,1.3381553
103.744644,1.3378474
103.74495,1.3367002
103.74609,1.3370081
103.74723,1.3373137
103.746925,1.3384608
103.74579,1.3381553
103.74609,1.3370081
103.73892,1.33631
103.74007,1.336618
103.73976,1.3377652
103.73862,1.3374573
103.73892,1.33631
103.74007,1.336618
103.74121,1.3369259
103.740906,1.3380731
103.73976,1.3377652
103.74007,1.336618
103.74121,1.3369259
103.74235,1.3372314
103.74204,1.3383788
103.740906,1.3380731
103.74121,1.3369259
103.74235,1.3372314
103.7435,1.3375394
103.74319,1.3386867
103.74204,1.3383788
103.74235,1.3372314
103.7435,1.3375394
103.744644,1.3378474
103.74434,1.3389946
103.74319,1.3386867
103.7435,1.3375394
103.744644,1.3378474
103.74579,1.3381553
103.74548,1.3393025
103.74434,1.3389946
103.744644,1.3378474
103.74579,1.3381553
103.746925,1.3384608
103.74662,1.3396082
103.74548,1.3393025
103.74579,1.3381553
103.74047,1.3289179
103.74173,1.3292562
103.741394,1.3305181
103.740135,1.3301799
103.74047,1.3289179
103.74173,1.3292562
103.74299,1.3295945
103.742645,1.3308564
103.741394,1.3305181
103.74173,1.3292562
103.74299,1.3295945
103.74425,1.3299327
103.743904,1.3311946
103.742645,1.3308564
103.74299,1.3295945
103.74425,1.3299327
103.74551,1.330271
103.74516,1.331533
103.743904,1.3311946
103.74425,1.3299327
103.74551,1.330271
103.746765,1.3306092
103.74642,1.3318712
103.74516,1.331533
103.74551,1.330271
103.746765,1.3306092
103.74802,1.3309475
103.74768,1.3322095
103.74642,1.3318712
103.746765,1.3306092
103.74802,1.3309475
103.749275,1.3312857
103.74894,1.3325477
103.74768,1.3322095
103.74802,1.3309475
103.740135,1.3301799
103.741394,1.3305181
103.74105,1.3317801
103.73979,1.3314418
103.740135,1.3301799
103.741394,1.3305181
103.742645,1.3308564
103.74231,1.3321183
103.74105,1.3317801
103.741394,1.3305181
103.742645,1.3308564
103.743904,1.3311946
103.74357,1.3324566
103.74231,1.3321183
103.742645,1.3308564
103.743904,1.3311946
103.74516,1.331533
103.74483,1.3327948
103.74357,1.3324566
103.743904,1.3311946
103.74516,1.331533
103.74642,1.3318712
103.746086,1.3331331
103.74483,1.3327948
103.74516,1.331533
103.74642,1.3318712
103.74768,1.3322095
103.747345,1.3334713
103.746086,1.3331331
103.74642,1.3318712
103.74768,1.3322095
103.74894,1.3325477
103.748604,1.3338096
103.747345,1.3334713
103.74768,1.3322095
103.73979,1.3314418
103.74105,1.3317801
103.740715,1.333042
103.739456,1.3327037
103.73979,1.3314418
103.74105,1.3317801
103.74231,1.3321183
103.741974,1.3333802
103.740715,1.333042
103.74105,1.3317801
103.74231,1.3321183
103.74357,1.3324566
103.74323,1.3337185
103.741974,1.3333802
103.74231,1.3321183
103.74357,1.3324566
103.74483,1.3327948
103.74449,1.3340567
103.74323,1.3337185
103.74357,1.3324566
103.74483,1.3327948
103.746086,1.3331331
103.74575,1.334395
103.74449,1.3340567
103.74483,1.3327948
103.746086,1.3331331
103.747345,1.3334713
103.74701,1.3347332
103.74575,1.334395
103.746086,1.3331331
103.747345,1.3334713
103.748604,1.3338096
103.74827,1.3350716
103.74701,1.3347332
103.747345,1.3334713
103.739456,1.3327037
103.740715,1.333042
103.74038,1.3343039
103.73912,1.3339657
103.739456,1.3327037
103.740715,1.333042
103.741974,1.3333802
103.74164,1.3346422
103.74038,1.3343039
103.740715,1.333042
103.741974,1.3333802
103.74323,1.3337185
103.7429,1.3349804
103.74164,1.3346422
103.741974,1.3333802
103.74323,1.3337185
103.74449,1.3340567
103.744156,1.3353187
103.7429,1.3349804
103.74323,1.3337185
103.74449,1.3340567
103.74575,1.334395
103.745415,1.3356569
103.744156,1.3353187
103.74449,1.3340567
103.74575,1.334395
103.74701,1.3347332
103.74667,1.3359952
103.745415,1.3356569
103.74575,1.334395
103.74701,1.3347332
103.74827,1.3350716
103.74793,1.3363334
103.74667,1.3359952
103.74701,1.3347332
103.73912,1.3339657
103.74038,1.3343039
103.74004,1.3355658
103.738785,1.3352276
103.73912,1.3339657
103.74038,1.3343039
103.74164,1.3346422
103.7413,1.3359041
103.74004,1.3355658
103.74038,1.3343039
103.74164,1.3346422
103.7429,1.3349804
103.74256,1.3362423
103.7413,1.3359041
103.74164,1.3346422
103.7429,1.3349804
103.744156,1.3353187
103.74382,1.3365806
103.74256,1.3362423
103.7429,1.3349804
103.744156,1.3353187
103.745415,1.3356569
103.74508,1.3369188
103.74382,1.3365806
103.744156,1.3353187
103.745415,1.3356569
103.74667,1.3359952
103.74634,1.3372571
103.74508,1.3369188
103.745415,1.3356569
103.74667,1.3359952
103.74793,1.3363334
103.7476,1.3375953
103.74634,1.3372571
103.74667,1.3359952
103.738785,1.3352276
103.74004,1.3355658
103.73971,1.3368278
103.73845,1.3364894
103.738785,1.3352276
103.74004,1.3355658
103.7413,1.3359041
103.74097,1.337166
103.73971,1.3368278
103.74004,1.3355658
103.7413,1.3359041
103.74256,1.3362423
103.742226,1.3375043
103.74097,1.337166
103.7413,1.3359041
103.74256,1.3362423
103.74382,1.3365806
103.74348,1.3378425
103.742226,1.3375043
103.74256,1.3362423
103.74382,1.3365806
103.74508,1.3369188
103.744736,1.3381808
103.74348,1.3378425
103.74382,1.3365806
103.74508,1.3369188
103.74634,1.3372571
103.745995,1.338519
103.744736,1.3381808
103.74508,1.3369188
103.74634,1.3372571
103.7476,1.3375953
103.74725,1.3388573
103.745995,1.338519
103.74634,1.3372571
103.73845,1.3364894
103.73971,1.3368278
103.739365,1.3380897
103.738106,1.3377514
103.73845,1.3364894
103.73971,1.3368278
103.74097,1.337166
103.74062,1.3384279
103.739365,1.3380897
103.73971,1.3368278
103.74097,1.337166
103.742226,1.3375043
103.74188,1.3387662
103.74062,1.3384279
103.74097,1.337166
103.742226,1.3375043
103.74348,1.3378425
103.74314,1.3391044
103.74188,1.3387662
103.742226,1.3375043
103.74348,1.3378425
103.744736,1.3381808
103.7444,1.3394427
103.74314,1.3391044
103.74348,1.3378425
103.744736,1.3381808
103.745995,1.338519
103.74566,1.3397809
103.7444,1.3394427
103.744736,1.3381808
103.745995,1.338519
103.74725,1.3388573
103.74692,1.3401192
103.74566,1.3397809
103.745995,1.338519
103.74014,1.3283572
103.74152,1.3287282
103.74115,1.3301163
103.73978,1.3297453
103.74014,1.3283572
103.74152,1.3287282
103.74291,1.3291014
103.74254,1.3304895
103.74115,1.3301163
103.74152,1.3287282
103.74291,1.3291014
103.74429,1.3294723
103.74392,1.3308604
103.74254,1.3304895
103.74291,1.3291014
103.74429,1.3294723
103.74568,1.3298455
103.74531,1.3312336
103.74392,1.3308604
103.74429,1.3294723
103.74568,1.3298455
103.74706,1.3302165
103.74669,1.3316046
103.74531,1.3312336
103.74568,1.3298455
103.74706,1.3302165
103.74845,1.3305898
103.74808,1.3319778
103.74669,1.3316046
103.74706,1.3302165
103.74845,1.3305898
103.74983,1.3309606
103.74946,1.3323487
103.74808,1.3319778
103.74845,1.3305898
103.73978,1.3297453
103.74115,1.3301163
103.74078,1.3315043
103.7394,1.3311335
103.73978,1.3297453
103.74115,1.3301163
103.74254,1.3304895
103.74217,1.3318776
103.74078,1.3315043
103.74115,1.3301163
103.74254,1.3304895
103.74392,1.3308604
103.74355,1.3322486
103.74217,1.3318776
103.74254,1.3304895
103.74392,1.3308604
103.74531,1.3312336
103.74494,1.3326218
103.74355,1.3322486
103.74392,1.3308604
103.74531,1.3312336
103.74669,1.3316046
103.74632,1.3329927
103.74494,1.3326218
103.74531,1.3312336
103.74669,1.3316046
103.74808,1.3319778
103.74771,1.3333659
103.74632,1.3329927
103.74669,1.3316046
103.74808,1.3319778
103.74946,1.3323487
103.74909,1.3337369
103.74771,1.3333659
103.74808,1.3319778
103.7394,1.3311335
103.74078,1.3315043
103.74041,1.3328925
103.73903,1.3325217
103.7394,1.3311335
103.74078,1.3315043
103.74217,1.3318776
103.7418,1.3332658
103.74041,1.3328925
103.74078,1.3315043
103.74217,1.3318776
103.74355,1.3322486
103.74318,1.3336368
103.7418,1.3332658
103.74217,1.3318776
103.74355,1.3322486
103.74494,1.3326218
103.74457,1.33401
103.74318,1.3336368
103.74355,1.3322486
103.74494,1.3326218
103.74632,1.3329927
103.74595,1.3343809
103.74457,1.33401
103.74494,1.3326218
103.74632,1.3329927
103.74771,1.3333659
103.74734,1.3347541
103.74595,1.3343809
103.74632,1.3329927
103.74771,1.3333659
103.74909,1.3337369
103.74872,1.3351251
103.74734,1.3347541
103.74771,1.3333659
103.73903,1.3325217
103.74041,1.3328925
103.74004,1.3342806
103.73866,1.3339097
103.73903,1.3325217
103.74041,1.3328925
103.7418,1.3332658
103.74143,1.334654
103.74004,1.3342806
103.74041,1.3328925
103.7418,1.3332658
103.74318,1.3336368
103.74281,1.3350248
103.74143,1.334654
103.7418,1.3332658
103.74318,1.3336368
103.74457,1.33401
103.7442,1.3353981
103.74281,1.3350248
103.74318,1.3336368
103.74457,1.33401
103.74595,1.3343809
103.745575,1.335769
103.7442,1.3353981
103.74457,1.33401
103.74595,1.3343809
103.74734,1.3347541
103.74697,1.3361423
103.745575,1.335769
103.74595,1.3343809
103.74734,1.3347541
103.74872,1.3351251
103.748344,1.3365132
103.74697,1.3361423
103.74734,1.3347541
103.73866,1.3339097
103.74004,1.3342806
103.73967,1.3356688
103.73829,1.3352978
103.73866,1.3339097
103.74004,1.3342806
103.74143,1.334654
103.74106,1.336042
103.73967,1.3356688
103.74004,1.3342806
103.74143,1.334654
103.74281,1.3350248
103.74244,1.3364129
103.74106,1.336042
103.74143,1.334654
103.74281,1.3350248
103.7442,1.3353981
103.74383,1.3367862
103.74244,1.3364129
103.74281,1.3350248
103.7442,1.3353981
103.745575,1.335769
103.74521,1.3371571
103.74383,1.3367862
103.7442,1.3353981
103.745575,1.335769
103.74697,1.3361423
103.7466,1.3375304
103.74521,1.3371571
103.745575,1.335769
103.74697,1.3361423
103.748344,1.3365132
103.74798,1.3379012
103.7466,1.3375304
103.74697,1.3361423
103.73829,1.3352978
103.73967,1.3356688
103.739296,1.3370569
103.73792,1.3366859
103.73829,1.3352978
103.73967,1.3356688
103.74106,1.336042
103.740685,1.3374301
103.739296,1.3370569
103.73967,1.3356688
103.74106,1.336042
103.74244,1.3364129
103.742065,1.337801
103.740685,1.3374301
103.74106,1.336042
103.74244,1.3364129
103.74383,1.3367862
103.743454,1.3381742
103.742065,1.337801
103.74244,1.3364129
103.74383,1.3367862
103.74521,1.3371571
103.744835,1.3385452
103.743454,1.3381742
103.74383,1.3367862
103.74521,1.3371571
103.7466,1.3375304
103.74622,1.3389184
103.744835,1.3385452
103.74521,1.3371571
103.7466,1.3375304
103.74798,1.3379012
103.747604,1.3392893
103.74622,1.3389184
103.7466,1.3375304
103.73792,1.3366859
103.739296,1.3370569
103.73893,1.338445
103.73755,1.338074
103.73792,1.3366859
103.739296,1.3370569
103.740685,1.3374301
103.74032,1.3388182
103.73893,1.338445
103.739296,1.3370569
103.740685,1.3374301
103.742065,1.337801
103.7417,1.339189
103.74032,1.3388182
103.740685,1.3374301
103.742065,1.337801
103.743454,1.3381742
103.74309,1.3395624
103.7417,1.339189
103.742065,1.337801
103.743454,1.3381742
103.744835,1.3385452
103.74447,1.3399333
103.74309,1.3395624
103.743454,1.3381742
103.744835,1.3385452
103.74622,1.3389184
103.74586,1.3403065
103.74447,1.3399333
103.744835,1.3385452
103.74622,1.3389184
103.747604,1.3392893
103.74724,1.3406775
103.74586,1.3403065
103.74622,1.3389184
103.739784,1.3277408
103.74131,1.3281491
103.7409,1.329676
103.73938,1.3292679
103.739784,1.3277408
103.74131,1.3281491
103.742836,1.3285596
103.742424,1.3300866
103.7409,1.329676
103.74131,1.3281491
103.742836,1.3285596
103.744354,1.3289679
103.74394,1.3304949
103.742424,1.3300866
103.742836,1.3285596
103.744354,1.3289679
103.74588,1.3293785
103.745476,1.3309054
103.74394,1.3304949
103.744354,1.3289679
103.74588,1.3293785
103.7474,1.3297867
103.746994,1.3313137
103.745476,1.3309054
103.74588,1.3293785
103.7474,1.3297867
103.74892,1.330195
103.74851,1.3317219
103.746994,1.3313137
103.7474,1.3297867
103.74892,1.330195
103.75045,1.3306055
103.75004,1.3321325
103.74851,1.3317219
103.74892,1.330195
103.73938,1.3292679
103.7409,1.329676
103.74049,1.3312029
103.738976,1.3307947
103.73938,1.3292679
103.7409,1.329676
103.742424,1.3300866
103.74202,1.3316134
103.74049,1.3312029
103.7409,1.329676
103.742424,1.3300866
103.74394,1.3304949
103.74354,1.3320217
103.74202,1.3316134
103.742424,1.3300866
103.74394,1.3304949
103.745476,1.3309054
103.74506,1.3324323
103.74354,1.3320217
103.74394,1.3304949
103.745476,1.3309054
103.746994,1.3313137
103.74658,1.3328406
103.74506,1.3324323
103.745476,1.3309054
103.746994,1.3313137
103.74851,1.3317219
103.7481,1.3332487
103.74658,1.3328406
103.746994,1.3313137
103.74851,1.3317219
103.75004,1.3321325
103.74963,1.3336594
103.7481,1.3332487
103.74851,1.3317219
103.738976,1.3307947
103.74049,1.3312029
103.74008,1.3327299
103.73856,1.3323216
103.738976,1.3307947
103.74049,1.3312029
103.74202,1.3316134
103.74161,1.3331405
103.74008,1.3327299
103.74049,1.3312029
103.74202,1.3316134
103.74354,1.3320217
103.74313,1.3335487
103.74161,1.3331405
103.74202,1.3316134
103.74354,1.3320217
103.74506,1.3324323
103.74466,1.3339592
103.74313,1.3335487
103.74354,1.3320217
103.74506,1.3324323
103.74658,1.3328406
103.74618,1.3343675
103.74466,1.3339592
103.74506,1.3324323
103.74658,1.3328406
103.7481,1.3332487
103.747696,1.3347758
103.74618,1.3343675
103.74658,1.3328406
103.7481,1.3332487
103.74963,1.3336594
103.74922,1.3351864
103.747696,1.3347758
103.7481,1.3332487
103.73856,1.3323216
103.74008,1.3327299
103.73968,1.3342568
103.73816,1.3338485
103.73856,1.3323216
103.74008,1.3327299
103.74161,1.3331405
103.7412,1.3346673
103.73968,1.3342568
103.74008,1.3327299
103.74161,1.3331405
103.74313,1.3335487
103.74272,1.3350755
103.7412,1.3346673
103.74161,1.3331405
103.74313,1.3335487
103.74466,1.3339592
103.74425,1.3354862
103.74272,1.3350755
103.74313,1.3335487
103.74466,1.3339592
103.74618,1.3343675
103.745766,1.3358943
103.74425,1.3354862
103.74466,1.3339592
103.74618,1.3343675
103.747696,1.3347758
103.747284,1.3363026
103.745766,1.3358943
103.74618,1.3343675
103.747696,1.3347758
103.74922,1.3351864
103.74882,1.3367132
103.747284,1.3363026
103.747696,1.3347758
103.73816,1.3338485
103.73968,1.3342568
103.739265,1.3357837
103.73775,1.3353754
103.73816,1.3338485
103.73968,1.3342568
103.7412,1.3346673
103.74079,1.3361943
103.739265,1.3357837
103.73968,1.3342568
103.7412,1.3346673
103.74272,1.3350755
103.74232,1.3366026
103.74079,1.3361943
103.7412,1.3346673
103.74272,1.3350755
103.74425,1.3354862
103.74384,1.3370131
103.74232,1.3366026
103.74272,1.3350755
103.74425,1.3354862
103.745766,1.3358943
103.74536,1.3374213
103.74384,1.3370131
103.74425,1.3354862
103.745766,1.3358943
103.747284,1.3363026
103.74688,1.3378296
103.74536,1.3374213
103.745766,1.3358943
103.747284,1.3363026
103.74882,1.3367132
103.748405,1.3382401
103.74688,1.3378296
103.747284,1.3363026
103.73775,1.3353754
103.739265,1.3357837
103.73886,1.3373107
103.73734,1.3369025
103.73775,1.3353754
103.739265,1.3357837
103.74079,1.3361943
103.74039,1.3377212
103.73886,1.3373107
103.739265,1.3357837
103.74079,1.3361943
103.74232,1.3366026
103.741905,1.3381295
103.74039,1.3377212
103.74079,1.3361943
103.74232,1.3366026
103.74384,1.3370131
103.74343,1.3385401
103.741905,1.3381295
103.74232,1.3366026
103.74384,1.3370131
103.74536,1.3374213
103.74495,1.3389484
103.74343,1.3385401
103.74384,1.3370131
103.74536,1.3374213
103.74688,1.3378296
103.746475,1.3393565
103.74495,1.3389484
103.74536,1.3374213
103.74688,1.3378296
103.748405,1.3382401
103.748,1.3397671
103.746475,1.3393565
103.74688,1.3378296
103.73734,1.3369025
103.73886,1.3373107
103.73845,1.3388375
103.73693,1.3384293
103.73734,1.3369025
103.73886,1.3373107
103.74039,1.3377212
103.73998,1.3392481
103.73845,1.3388375
103.73886,1.3373107
103.74039,1.3377212
103.741905,1.3381295
103.7415,1.3396564
103.73998,1.3392481
103.74039,1.3377212
103.741905,1.3381295
103.74343,1.3385401
103.74303,1.3400669
103.7415,1.3396564
103.741905,1.3381295
103.74343,1.3385401
103.74495,1.3389484
103.744545,1.3404752
103.74303,1.3400669
103.74343,1.3385401
103.74495,1.3389484
103.746475,1.3393565
103.74606,1.3408834
103.744545,1.3404752
103.74495,1.3389484
103.746475,1.3393565
103.748,1.3397671
103.74759,1.341294
103.74606,1.3408834
103.746475,1.3393565
103.7394,1.327064
103.74107,1.3275143
103.74063,1.329194
103.73895,1.3287437
103.7394,1.327064
103.74107,1.3275143
103.74275,1.3279645
103.7423,1.3296441
103.74063,1.329194
103.74107,1.3275143
103.74275,1.3279645
103.74443,1.3284148
103.74398,1.3300943
103.7423,1.3296441
103.74275,1.3279645
103.74443,1.3284148
103.7461,1.3288649
103.74565,1.3305446
103.74398,1.3300943
103.74443,1.3284148
103.7461,1.3288649
103.74778,1.3293152
103.74733,1.3309948
103.74565,1.3305446
103.7461,1.3288649
103.74778,1.3293152
103.74945,1.3297654
103.749,1.3314451
103.74733,1.3309948
103.74778,1.3293152
103.74945,1.3297654
103.75112,1.3302133
103.75067,1.331893
103.749,1.3314451
103.74945,1.3297654
103.73895,1.3287437
103.74063,1.329194
103.74018,1.3308735
103.7385,1.3304232
103.73895,1.3287437
103.74063,1.329194
103.7423,1.3296441
103.74185,1.3313237
103.74018,1.3308735
103.74063,1.329194
103.7423,1.3296441
103.74398,1.3300943
103.74353,1.331774
103.74185,1.3313237
103.7423,1.3296441
103.74398,1.3300943
103.74565,1.3305446
103.7452,1.3322242
103.74353,1.331774
103.74398,1.3300943
103.74565,1.3305446
103.74733,1.3309948
103.74688,1.3326744
103.7452,1.3322242
103.74565,1.3305446
103.74733,1.3309948
103.749,1.3314451
103.74856,1.3331246
103.74688,1.3326744
103.74733,1.3309948
103.749,1.3314451
103.75067,1.331893
103.75022,1.3335726
103.74856,1.3331246
103.749,1.3314451
103.7385,1.3304232
103.74018,1.3308735
103.73973,1.3325531
103.73805,1.3321029
103.7385,1.3304232
103.74018,1.3308735
103.74185,1.3313237
103.74141,1.3330034
103.73973,1.3325531
103.74018,1.3308735
103.74185,1.3313237
103.74353,1.331774
103.74308,1.3334535
103.74141,1.3330034
103.74185,1.3313237
103.74353,1.331774
103.7452,1.3322242
103.74476,1.3339038
103.74308,1.3334535
103.74353,1.331774
103.7452,1.3322242
103.74688,1.3326744
103.74643,1.334354
103.74476,1.3339038
103.7452,1.3322242
103.74688,1.3326744
103.74856,1.3331246
103.74811,1.3348043
103.74643,1.334354
103.74688,1.3326744
103.74856,1.3331246
103.75022,1.3335726
103.74977,1.3352522
103.74811,1.3348043
103.74856,1.3331246
103.73805,1.3321029
103.73973,1.3325531
103.73928,1.3342327
103.73761,1.3337826
103.73805,1.3321029
103.73973,1.3325531
103.74141,1.3330034
103.74096,1.334683
103.73928,1.3342327
103.73973,1.3325531
103.74141,1.3330034
103.74308,1.3334535
103.74263,1.3351332
103.74096,1.334683
103.74141,1.3330034
103.74308,1.3334535
103.74476,1.3339038
103.74431,1.3355834
103.74263,1.3351332
103.74308,1.3334535
103.74476,1.3339038
103.74643,1.334354
103.74598,1.3360337
103.74431,1.3355834
103.74476,1.3339038
103.74643,1.334354
103.74811,1.3348043
103.74766,1.336484
103.74598,1.3360337
103.74643,1.334354
103.74811,1.3348043
103.74977,1.3352522
103.74932,1.3369318
103.74766,1.336484
103.74811,1.3348043
103.73761,1.3337826
103.73928,1.3342327
103.73883,1.3359123
103.73716,1.3354621
103.73761,1.3337826
103.73928,1.3342327
103.74096,1.334683
103.74051,1.3363626
103.73883,1.3359123
103.73928,1.3342327
103.74096,1.334683
103.74263,1.3351332
103.74218,1.3368129
103.74051,1.3363626
103.74096,1.334683
103.74263,1.3351332
103.74431,1.3355834
103.74386,1.3372631
103.74218,1.3368129
103.74263,1.3351332
103.74431,1.3355834
103.74598,1.3360337
103.74554,1.3377132
103.74386,1.3372631
103.74431,1.3355834
103.74598,1.3360337
103.74766,1.336484
103.74721,1.3381635
103.74554,1.3377132
103.74598,1.3360337
103.74766,1.336484
103.74932,1.3369318
103.74888,1.3386114
103.74721,1.3381635
103.74766,1.336484
103.73716,1.3354621
103.73883,1.3359123
103.73839,1.337592
103.73671,1.3371418
103.73716,1.3354621
103.73883,1.3359123
103.74051,1.3363626
103.74006,1.3380421
103.73839,1.337592
103.73883,1.3359123
103.74051,1.3363626
103.74218,1.3368129
103.74174,1.3384924
103.74006,1.3380421
103.74051,1.3363626
103.74218,1.3368129
103.74386,1.3372631
103.74341,1.3389426
103.74174,1.3384924
103.74218,1.3368129
103.74386,1.3372631
103.74554,1.3377132
103.74509,1.3393929
103.74341,1.3389426
103.74386,1.3372631
103.74554,1.3377132
103.74721,1.3381635
103.74676,1.3398432
103.74509,1.3393929
103.74554,1.3377132
103.74721,1.3381635
103.74888,1.3386114
103.74843,1.340291
103.74676,1.3398432
103.74721,1.3381635
103.73671,1.3371418
103.73839,1.337592
103.73794,1.3392717
103.73626,1.3388215
103.73671,1.3371418
103.73839,1.337592
103.74006,1.3380421
103.73961,1.3397219
103.73794,1.3392717
103.73839,1.337592
103.74006,1.3380421
103.74174,1.3384924
103.74129,1.3401722
103.73961,1.3397219
103.74006,1.3380421
103.74174,1.3384924
103.74341,1.3389426
103.74296,1.3406224
103.74129,1.3401722
103.74174,1.3384924
103.74341,1.3389426
103.74509,1.3393929
103.74464,1.3410727
103.74296,1.3406224
103.74341,1.3389426
103.74509,1.3393929
103.74676,1.3398432
103.746315,1.3415229
103.74464,1.3410727
103.74509,1.3393929
103.74676,1.3398432
103.74843,1.340291
103.74798,1.3419708
103.746315,1.3415229
103.74676,1.3398432
103.73897,1.3263177
103.74081,1.3268121
103.74032,1.3286598
103.73847,1.3281652
103.73897,1.3263177
103.74081,1.3268121
103.742645,1.3273067
103.74216,1.3291544
103.74032,1.3286598
103.74081,1.3268121
103.742645,1.3273067
103.7445,1.3278036
103.744,1.3296512
103.74216,1.3291544
103.742645,1.3273067
103.7445,1.3278036
103.74634,1.3282982
103.74584,1.3301458
103.744,1.3296512
103.7445,1.3278036
103.74634,1.3282982
103.74818,1.3287927
103.74768,1.3306403
103.74584,1.3301458
103.74634,1.3282982
103.74818,1.3287927
103.750015,1.3292873
103.74953,1.3311349
103.74768,1.3306403
103.74818,1.3287927
103.750015,1.3292873
103.75187,1.3297842
103.75137,1.3316318
103.74953,1.3311349
103.750015,1.3292873
103.73847,1.3281652
103.74032,1.3286598
103.73982,1.3305074
103.73798,1.3300128
103.73847,1.3281652
103.74032,1.3286598
103.74216,1.3291544
103.74166,1.331002
103.73982,1.3305074
103.74032,1.3286598
103.74216,1.3291544
103.744,1.3296512
103.74351,1.3314989
103.74166,1.331002
103.74216,1.3291544
103.744,1.3296512
103.74584,1.3301458
103.74535,1.3319935
103.74351,1.3314989
103.744,1.3296512
103.74584,1.3301458
103.74768,1.3306403
103.74719,1.332488
103.74535,1.3319935
103.74584,1.3301458
103.74768,1.3306403
103.74953,1.3311349
103.74903,1.3329825
103.74719,1.332488
103.74768,1.3306403
103.74953,1.3311349
103.75137,1.3316318
103.75088,1.3334794
103.74903,1.3329825
103.74953,1.3311349
103.73798,1.3300128
103.73982,1.3305074
103.73933,1.3323549
103.73749,1.3318603
103.73798,1.3300128
103.73982,1.3305074
103.74166,1.331002
103.741165,1.3328494
103.73933,1.3323549
103.73982,1.3305074
103.74166,1.331002
103.74351,1.3314989
103.74302,1.3333464
103.741165,1.3328494
103.74166,1.331002
103.74351,1.3314989
103.74535,1.3319935
103.74486,1.3338408
103.74302,1.3333464
103.74351,1.3314989
103.74535,1.3319935
103.74719,1.332488
103.7467,1.3343354
103.74486,1.3338408
103.74535,1.3319935
103.74719,1.332488
103.74903,1.3329825
103.748535,1.33483
103.7467,1.3343354
103.74719,1.332488
103.74903,1.3329825
103.75088,1.3334794
103.75038,1.3353269
103.748535,1.33483
103.74903,1.3329825
103.73749,1.3318603
103.73933,1.3323549
103.73883,1.3342025
103.73699,1.3337079
103.73749,1.3318603
103.73933,1.3323549
103.741165,1.3328494
103.74068,1.334697
103.73883,1.3342025
103.73933,1.3323549
103.741165,1.3328494
103.74302,1.3333464
103.74252,1.335194
103.74068,1.334697
103.741165,1.3328494
103.74302,1.3333464
103.74486,1.3338408
103.74436,1.3356885
103.74252,1.335194
103.74302,1.3333464
103.74486,1.3338408
103.7467,1.3343354
103.7462,1.3361831
103.74436,1.3356885
103.74486,1.3338408
103.7467,1.3343354
103.748535,1.33483
103.74804,1.3366777
103.7462,1.3361831
103.7467,1.3343354
103.748535,1.33483
103.75038,1.3353269
103.74989,1.3371745
103.74804,1.3366777
103.748535,1.33483
103.73699,1.3337079
103.73883,1.3342025
103.73834,1.3360502
103.7365,1.3355556
103.73699,1.3337079
103.73883,1.3342025
103.74068,1.334697
103.74018,1.3365446
103.73834,1.3360502
103.73883,1.3342025
103.74068,1.334697
103.74252,1.335194
103.74203,1.3370416
103.74018,1.3365446
103.74068,1.334697
103.74252,1.335194
103.74436,1.3356885
103.743866,1.3375361
103.74203,1.3370416
103.74252,1.335194
103.74436,1.3356885
103.7462,1.3361831
103.74571,1.3380307
103.743866,1.3375361
103.74436,1.3356885
103.7462,1.3361831
103.74804,1.3366777
103.74755,1.3385252
103.74571,1.3380307
103.7462,1.3361831
103.74804,1.3366777
103.74989,1.3371745
103.7494,1.3390222
103.74755,1.3385252
103.74804,1.3366777
103.7365,1.3355556
103.73834,1.3360502
103.73785,1.3378978
103.73601,1.3374032
103.7365,1.3355556
103.73834,1.3360502
103.74018,1.3365446
103.739685,1.3383923
103.73785,1.3378978
103.73834,1.3360502
103.74018,1.3365446
103.74203,1.3370416
103.74154,1.3388891
103.739685,1.3383923
103.74018,1.3365446
103.74203,1.3370416
103.743866,1.3375361
103.74338,1.3393837
103.74154,1.3388891
103.74203,1.3370416
103.743866,1.3375361
103.74571,1.3380307
103.74522,1.3398783
103.74338,1.3393837
103.743866,1.3375361
103.74571,1.3380307
103.74755,1.3385252
103.747055,1.3403728
103.74522,1.3398783
103.74571,1.3380307
103.74755,1.3385252
103.7494,1.3390222
103.7489,1.3408698
103.747055,1.3403728
103.74755,1.3385252
103.73601,1.3374032
103.73785,1.3378978
103.73735,1.3397452
103.73551,1.3392507
103.73601,1.3374032
103.73785,1.3378978
103.739685,1.3383923
103.7392,1.3402398
103.73735,1.3397452
103.73785,1.3378978
103.739685,1.3383923
103.74154,1.3388891
103.74104,1.3407366
103.7392,1.3402398
103.739685,1.3383923
103.74154,1.3388891
103.74338,1.3393837
103.74288,1.3412312
103.74104,1.3407366
103.74154,1.3388891
103.74338,1.3393837
103.74522,1.3398783
103.74472,1.3417257
103.74288,1.3412312
103.74338,1.3393837
103.74522,1.3398783
103.747055,1.3403728
103.74656,1.3422203
103.74472,1.3417257
103.74522,1.3398783
103.747055,1.3403728
103.7489,1.3408698
103.74841,1.3427172
103.74656,1.3422203
103.747055,1.3403728
103.738495,1.3254982
103.740524,1.3260418
103.739975,1.3280742
103.73795,1.3275306
103.738495,1.3254982
103.740524,1.3260418
103.74255,1.3265877
103.74201,1.3286201
103.739975,1.3280742
103.740524,1.3260418
103.74255,1.3265877
103.744576,1.3271313
103.74403,1.3291636
103.74201,1.3286201
103.74255,1.3265877
103.744576,1.3271313
103.746605,1.3276771
103.74606,1.3297095
103.74403,1.3291636
103.744576,1.3271313
103.746605,1.3276771
103.74863,1.3282207
103.748085,1.330253
103.74606,1.3297095
103.746605,1.3276771
103.74863,1.3282207
103.750656,1.3287666
103.750114,1.3307989
103.748085,1.330253
103.74863,1.3282207
103.750656,1.3287666
103.75268,1.32931
103.75214,1.3313425
103.750114,1.3307989
103.750656,1.3287666
103.73795,1.3275306
103.739975,1.3280742
103.73943,1.3301065
103.73741,1.329563
103.73795,1.3275306
103.739975,1.3280742
103.74201,1.3286201
103.74146,1.3306524
103.73943,1.3301065
103.739975,1.3280742
103.74201,1.3286201
103.74403,1.3291636
103.74349,1.331196
103.74146,1.3306524
103.74201,1.3286201
103.74403,1.3291636
103.74606,1.3297095
103.74552,1.3317418
103.74349,1.331196
103.74403,1.3291636
103.74606,1.3297095
103.748085,1.330253
103.74754,1.3322854
103.74552,1.3317418
103.74606,1.3297095
103.748085,1.330253
103.750114,1.3307989
103.74957,1.3328313
103.74754,1.3322854
103.748085,1.330253
103.750114,1.3307989
103.75214,1.3313425
103.751595,1.3333747
103.74957,1.3328313
103.750114,1.3307989
103.73741,1.329563
103.73943,1.3301065
103.73889,1.3321389
103.73687,1.3315953
103.73741,1.329563
103.73943,1.3301065
103.74146,1.3306524
103.74092,1.3326848
103.73889,1.3321389
103.73943,1.3301065
103.74146,1.3306524
103.74349,1.331196
103.74294,1.3332283
103.74092,1.3326848
103.74146,1.3306524
103.74349,1.331196
103.74552,1.3317418
103.74498,1.3337742
103.74294,1.3332283
103.74349,1.331196
103.74552,1.3317418
103.74754,1.3322854
103.747,1.3343177
103.74498,1.3337742
103.74552,1.3317418
103.74754,1.3322854
103.74957,1.3328313
103.74903,1.3348635
103.747,1.3343177
103.74754,1.3322854
103.74957,1.3328313
103.751595,1.3333747
103.75105,1.3354071
103.74903,1.3348635
103.74957,1.3328313
103.73687,1.3315953
103.73889,1.3321389
103.73835,1.3341712
103.73633,1.3336277
103.73687,1.3315953
103.73889,1.3321389
103.74092,1.3326848
103.74038,1.3347172
103.73835,1.3341712
103.73889,1.3321389
103.74092,1.3326848
103.74294,1.3332283
103.7424,1.3352606
103.74038,1.3347172
103.74092,1.3326848
103.74294,1.3332283
103.74498,1.3337742
103.74443,1.3358065
103.7424,1.3352606
103.74294,1.3332283
103.74498,1.3337742
103.747,1.3343177
103.74645,1.3363501
103.74443,1.3358065
103.74498,1.3337742
103.747,1.3343177
103.74903,1.3348635
103.74849,1.336896
103.74645,1.3363501
103.747,1.3343177
103.74903,1.3348635
103.75105,1.3354071
103.75051,1.3374395
103.74849,1.336896
103.74903,1.3348635
103.73633,1.3336277
103.73835,1.3341712
103.73781,1.3362036
103.73579,1.33566
103.73633,1.3336277
103.73835,1.3341712
103.74038,1.3347172
103.73984,1.3367494
103.73781,1.3362036
103.73835,1.3341712
103.74038,1.3347172
103.7424,1.3352606
103.74186,1.337293
103.73984,1.3367494
103.74038,1.3347172
103.7424,1.3352606
103.74443,1.3358065
103.74389,1.3378389
103.74186,1.337293
103.7424,1.3352606
103.74443,1.3358065
103.74645,1.3363501
103.74591,1.3383824
103.74389,1.3378389
103.74443,1.3358065
103.74645,1.3363501
103.74849,1.336896
103.74795,1.3389283
103.74591,1.3383824
103.74645,1.3363501
103.74849,1.336896
103.75051,1.3374395
103.74997,1.3394718
103.74795,1.3389283
103.74849,1.336896
103.73579,1.33566
103.73781,1.3362036
103.73727,1.338236
103.735245,1.3376924
103.73579,1.33566
103.73781,1.3362036
103.73984,1.3367494
103.739296,1.3387818
103.73727,1.338236
103.73781,1.3362036
103.73984,1.3367494
103.74186,1.337293
103.74132,1.3393253
103.739296,1.3387818
103.73984,1.3367494
103.74186,1.337293
103.74389,1.3378389
103.74335,1.3398712
103.74132,1.3393253
103.74186,1.337293
103.74389,1.3378389
103.74591,1.3383824
103.74537,1.3404148
103.74335,1.3398712
103.74389,1.3378389
103.74591,1.3383824
103.74795,1.3389283
103.7474,1.3409606
103.74537,1.3404148
103.74591,1.3383824
103.74795,1.3389283
103.74997,1.3394718
103.74942,1.3415042
103.7474,1.3409606
103.74795,1.3389283
103.735245,1.3376924
103.73727,1.338236
103.73672,1.3402683
103.734695,1.3397248
103.735245,1.3376924
103.73727,1.338236
103.739296,1.3387818
103.738754,1.3408141
103.73672,1.3402683
103.73727,1.338236
103.739296,1.3387818
103.74132,1.3393253
103.740776,1.3413577
103.738754,1.3408141
103.739296,1.3387818
103.74132,1.3393253
103.74335,1.3398712
103.742805,1.3419036
103.740776,1.3413577
103.74132,1.3393253
103.74335,1.3398712
103.74537,1.3404148
103.74483,1.3424472
103.742805,1.3419036
103.74335,1.3398712
103.74537,1.3404148
103.7474,1.3409606
103.74686,1.342993
103.74483,1.3424472
103.74537,1.3404148
103.7474,1.3409606
103.74942,1.3415042
103.74888,1.3435365
103.74686,1.342993
103.7474,1.3409606
103.737976,1.3245957
103.740204,1.3251952
103.73961,1.3274307
103.73738,1.3268312
103.737976,1.3245957
103.740204,1.3251952
103.74244,1.3257947
103.741844,1.3280303
103.73961,1.3274307
103.740204,1.3251952
103.74244,1.3257947
103.74466,1.3263919
103.744064,1.3286275
103.741844,1.3280303
103.74244,1.3257947
103.74466,1.3263919
103.74689,1.3269914
103.74629,1.3292271
103.744064,1.3286275
103.74466,1.3263919
103.74689,1.3269914
103.74912,1.327591
103.74853,1.3298266
103.74629,1.3292271
103.74689,1.3269914
103.74912,1.327591
103.75135,1.3281906
103.750755,1.3304261
103.74853,1.3298266
103.74912,1.327591
103.75135,1.3281906
103.75357,1.3287877
103.752975,1.3310233
103.750755,1.3304261
103.75135,1.3281906
103.73738,1.3268312
103.73961,1.3274307
103.73901,1.3296664
103.736786,1.3290669
103.73738,1.3268312
103.73961,1.3274307
103.741844,1.3280303
103.74124,1.3302659
103.73901,1.3296664
103.73961,1.3274307
103.741844,1.3280303
103.744064,1.3286275
103.74347,1.3308631
103.74124,1.3302659
103.741844,1.3280303
103.744064,1.3286275
103.74629,1.3292271
103.7457,1.3314626
103.74347,1.3308631
103.744064,1.3286275
103.74629,1.3292271
103.74853,1.3298266
103.747925,1.3320621
103.7457,1.3314626
103.74629,1.3292271
103.74853,1.3298266
103.750755,1.3304261
103.75016,1.3326617
103.747925,1.3320621
103.74853,1.3298266
103.750755,1.3304261
103.752975,1.3310233
103.75238,1.3332589
103.75016,1.3326617
103.750755,1.3304261
103.736786,1.3290669
103.73901,1.3296664
103.73842,1.3319019
103.73618,1.3313024
103.736786,1.3290669
103.73901,1.3296664
103.74124,1.3302659
103.74065,1.3325015
103.73842,1.3319019
103.73901,1.3296664
103.74124,1.3302659
103.74347,1.3308631
103.74287,1.3330986
103.74065,1.3325015
103.74124,1.3302659
103.74347,1.3308631
103.7457,1.3314626
103.7451,1.3336983
103.74287,1.3330986
103.74347,1.3308631
103.7457,1.3314626
103.747925,1.3320621
103.74733,1.3342978
103.7451,1.3336983
103.7457,1.3314626
103.747925,1.3320621
103.75016,1.3326617
103.74956,1.3348973
103.74733,1.3342978
103.747925,1.3320621
103.75016,1.3326617
103.75238,1.3332589
103.751785,1.3354945
103.74956,1.3348973
103.75016,1.3326617
103.73618,1.3313024
103.73842,1.3319019
103.737816,1.3341376
103.73559,1.333538
103.73618,1.3313024
103.73842,1.3319019
103.74065,1.3325015
103.74005,1.3347371
103.737816,1.3341376
103.73842,1.3319019
103.74065,1.3325015
103.74287,1.3330986
103.74227,1.3353343
103.74005,1.3347371
103.74065,1.3325015
103.74287,1.3330986
103.7451,1.3336983
103.7445,1.3359338
103.74227,1.3353343
103.74287,1.3330986
103.7451,1.3336983
103.74733,1.3342978
103.746735,1.3365333
103.7445,1.3359338
103.7451,1.3336983
103.74733,1.3342978
103.74956,1.3348973
103.74896,1.3371329
103.746735,1.3365333
103.74733,1.3342978
103.74956,1.3348973
103.751785,1.3354945
103.75118,1.33773
103.74896,1.3371329
103.74956,1.3348973
103.73559,1.333538
103.737816,1.3341376
103.73722,1.3363731
103.73499,1.3357736
103.73559,1.333538
103.737816,1.3341376
103.74005,1.3347371
103.73945,1.3369727
103.73722,1.3363731
103.737816,1.3341376
103.74005,1.3347371
103.74227,1.3353343
103.74168,1.3375698
103.73945,1.3369727
103.74005,1.3347371
103.74227,1.3353343
103.7445,1.3359338
103.743904,1.3381693
103.74168,1.3375698
103.74227,1.3353343
103.7445,1.3359338
103.746735,1.3365333
103.74613,1.338769
103.743904,1.3381693
103.7445,1.3359338
103.746735,1.3365333
103.74896,1.3371329
103.74837,1.3393685
103.74613,1.338769
103.746735,1.3365333
103.74896,1.3371329
103.75118,1.33773
103.75059,1.3399657
103.74837,1.3393685
103.74896,1.3371329
103.73499,1.3357736
103.73722,1.3363731
103.736626,1.3386087
103.73439,1.3380091
103.73499,1.3357736
103.73722,1.3363731
103.73945,1.3369727
103.73885,1.3392082
103.736626,1.3386087
103.73722,1.3363731
103.73945,1.3369727
103.74168,1.3375698
103.74107,1.3398055
103.73885,1.3392082
103.73945,1.3369727
103.74168,1.3375698
103.743904,1.3381693
103.74331,1.340405
103.74107,1.3398055
103.74168,1.3375698
103.743904,1.3381693
103.74613,1.338769
103.74554,1.3410045
103.74331,1.340405
103.743904,1.3381693
103.74613,1.338769
103.74837,1.3393685
103.74777,1.341604
103.74554,1.3410045
103.74613,1.338769
103.74837,1.3393685
103.75059,1.3399657
103.74999,1.3422012
103.74777,1.341604
103.74837,1.3393685
103.73439,1.3380091
103.736626,1.3386087
103.73603,1.3408443
103.733795,1.3402448
103.73439,1.3380091
103.736626,1.3386087
103.73885,1.3392082
103.73826,1.3414438
103.73603,1.3408443
103.736626,1.3386087
103.73885,1.3392082
103.74107,1.3398055
103.74048,1.342041
103.73826,1.3414438
103.73885,1.3392082
103.74107,1.3398055
103.74331,1.340405
103.742714,1.3426405
103.74048,1.342041
103.74107,1.3398055
103.74331,1.340405
103.74554,1.3410045
103.74494,1.3432401
103.742714,1.3426405
103.74331,1.340405
103.74554,1.3410045
103.74777,1.341604
103.74717,1.3438396
103.74494,1.3432401
103.74554,1.3410045
103.74777,1.341604
103.74999,1.3422012
103.7494,1.3444369
103.74717,1.3438396
103.74777,1.341604
103.73621,1.3241732
103.73844,1.3247727
103.73785,1.3270082
103.73561,1.3264087
103.73621,1.3241732
103.73844,1.3247727
103.74067,1.3253722
103.740074,1.3276079
103.73785,1.3270082
103.73844,1.3247727
103.74067,1.3253722
103.7429,1.3259695
103.742294,1.328205
103.740074,1.3276079
103.74067,1.3253722
103.7429,1.3259695
103.745125,1.326569
103.74453,1.3288045
103.742294,1.328205
103.7429,1.3259695
103.745125,1.326569
103.74735,1.3271685
103.74676,1.3294041
103.74453,1.3288045
103.745125,1.326569
103.74735,1.3271685
103.74959,1.3277681
103.748985,1.3300036
103.74676,1.3294041
103.74735,1.3271685
103.74959,1.3277681
103.75181,1.3283652
103.75121,1.3306009
103.748985,1.3300036
103.74959,1.3277681
103.73561,1.3264087
103.73785,1.3270082
103.73724,1.3292439
103.735016,1.3286444
103.73561,1.3264087
103.73785,1.3270082
103.740074,1.3276079
103.73948,1.3298434
103.73724,1.3292439
103.73785,1.3270082
103.740074,1.3276079
103.742294,1.328205
103.7417,1.3304406
103.73948,1.3298434
103.740074,1.3276079
103.742294,1.328205
103.74453,1.3288045
103.74393,1.3310401
103.7417,1.3304406
103.742294,1.328205
103.74453,1.3288045
103.74676,1.3294041
103.74616,1.3316396
103.74393,1.3310401
103.74453,1.3288045
103.74676,1.3294041
103.748985,1.3300036
103.74839,1.3322392
103.74616,1.3316396
103.74676,1.3294041
103.748985,1.3300036
103.75121,1.3306009
103.75061,1.3328364
103.74839,1.3322392
103.748985,1.3300036
103.735016,1.3286444
103.73724,1.3292439
103.73665,1.3314794
103.73442,1.3308799
103.735016,1.3286444
103.73724,1.3292439
103.73948,1.3298434
103.73888,1.3320789
103.73665,1.3314794
103.73724,1.3292439
103.73948,1.3298434
103.7417,1.3304406
103.741104,1.3326762
103.73888,1.3320789
103.73948,1.3298434
103.7417,1.3304406
103.74393,1.3310401
103.74333,1.3332757
103.741104,1.3326762
103.7417,1.3304406
103.74393,1.3310401
103.74616,1.3316396
103.74556,1.3338753
103.74333,1.3332757
103.74393,1.3310401
103.74616,1.3316396
103.74839,1.3322392
103.747795,1.3344748
103.74556,1.3338753
103.74616,1.3316396
103.74839,1.3322392
103.75061,1.3328364
103.750015,1.335072
103.747795,1.3344748
103.74839,1.3322392
103.73442,1.3308799
103.73665,1.3314794
103.73605,1.3337151
103.73382,1.3331155
103.73442,1.3308799
103.73665,1.3314794
103.73888,1.3320789
103.73828,1.3343146
103.73605,1.3337151
103.73665,1.3314794
103.73888,1.3320789
103.741104,1.3326762
103.7405,1.3349118
103.73828,1.3343146
103.73888,1.3320789
103.741104,1.3326762
103.74333,1.3332757
103.74274,1.3355113
103.7405,1.3349118
103.741104,1.3326762
103.74333,1.3332757
103.74556,1.3338753
103.744965,1.3361108
103.74274,1.3355113
103.74333,1.3332757
103.74556,1.3338753
103.747795,1.3344748
103.7472,1.3367103
103.744965,1.3361108
103.74556,1.3338753
103.747795,1.3344748
103.750015,1.335072
103.74942,1.3373076
103.7472,1.3367103
103.747795,1.3344748
103.73382,1.3331155
103.73605,1.3337151
103.73546,1.3359506
103.73322,1.3353511
103.73382,1.3331155
103.73605,1.3337151
103.73828,1.3343146
103.737686,1.3365501
103.73546,1.3359506
103.73605,1.3337151
103.73828,1.3343146
103.7405,1.3349118
103.73991,1.3371474
103.737686,1.3365501
103.73828,1.3343146
103.7405,1.3349118
103.74274,1.3355113
103.74214,1.3377469
103.73991,1.3371474
103.7405,1.3349118
103.74274,1.3355113
103.744965,1.3361108
103.74437,1.3383465
103.74214,1.3377469
103.74274,1.3355113
103.744965,1.3361108
103.7472,1.3367103
103.7466,1.338946
103.74437,1.3383465
103.744965,1.3361108
103.7472,1.3367103
103.74942,1.3373076
103.74882,1.3395431
103.7466,1.338946
103.7472,1.3367103
103.73322,1.3353511
103.73546,1.3359506
103.734856,1.3381863
103.73263,1.3375866
103.73322,1.3353511
103.73546,1.3359506
103.737686,1.3365501
103.73709,1.3387858
103.734856,1.3381863
103.73546,1.3359506
103.737686,1.3365501
103.73991,1.3371474
103.73931,1.3393829
103.73709,1.3387858
103.737686,1.3365501
103.73991,1.3371474
103.74214,1.3377469
103.74154,1.3399825
103.73931,1.3393829
103.73991,1.3371474
103.74214,1.3377469
103.74437,1.3383465
103.743774,1.340582
103.74154,1.3399825
103.74214,1.3377469
103.74437,1.3383465
103.7466,1.338946
103.746,1.3411815
103.743774,1.340582
103.74437,1.3383465
103.7466,1.338946
103.74882,1.3395431
103.74822,1.3417788
103.746,1.3411815
103.7466,1.338946
103.73263,1.3375866
103.734856,1.3381863
103.73426,1.3404218
103.73203,1.3398223
103.73263,1.3375866
103.734856,1.3381863
103.73709,1.3387858
103.73649,1.3410213
103.73426,1.3404218
103.734856,1.3381863
103.73709,1.3387858
103.73931,1.3393829
103.738716,1.3416185
103.73649,1.3410213
103.73709,1.3387858
103.73931,1.3393829
103.74154,1.3399825
103.740944,1.342218
103.738716,1.3416185
103.73931,1.3393829
103.74154,1.3399825
103.743774,1.340582
103.74317,1.3428175
103.740944,1.342218
103.74154,1.3399825
103.743774,1.340582
103.746,1.3411815
103.74541,1.3434172
103.74317,1.3428175
103.743774,1.340582
103.746,1.3411815
103.74822,1.3417788
103.74763,1.3440143
103.74541,1.3434172
103.746,1.3411815
103.73412,1.3218625
103.73635,1.3224621
103.735756,1.3246976
103.73353,1.3240981
103.73412,1.3218625
103.73635,1.3224621
103.73859,1.3230616
103.73798,1.3252971
103.735756,1.3246976
103.73635,1.3224621
103.73859,1.3230616
103.74081,1.3236588
103.74021,1.3258944
103.73798,1.3252971
103.73859,1.3230616
103.74081,1.3236588
103.743034,1.3242583
103.74244,1.3264939
103.74021,1.3258944
103.74081,1.3236588
103.743034,1.3242583
103.74527,1.3248578
103.74467,1.3270935
103.74244,1.3264939
103.743034,1.3242583
103.74527,1.3248578
103.7475,1.3254573
103.7469,1.327693
103.74467,1.3270935
103.74527,1.3248578
103.7475,1.3254573
103.74972,1.3260546
103.74912,1.3282901
103.7469,1.327693
103.7475,1.3254573
103.73353,1.3240981
103.735756,1.3246976
103.73516,1.3269333
103.732925,1.3263336
103.73353,1.3240981
103.735756,1.3246976
103.73798,1.3252971
103.73739,1.3275328
103.73516,1.3269333
103.735756,1.3246976
103.73798,1.3252971
103.74021,1.3258944
103.73961,1.3281299
103.73739,1.3275328
103.73798,1.3252971
103.74021,1.3258944
103.74244,1.3264939
103.741844,1.3287295
103.73961,1.3281299
103.74021,1.3258944
103.74244,1.3264939
103.74467,1.3270935
103.74407,1.329329
103.741844,1.3287295
103.74244,1.3264939
103.74467,1.3270935
103.7469,1.327693
103.7463,1.3299285
103.74407,1.329329
103.74467,1.3270935
103.7469,1.327693
103.74912,1.3282901
103.74853,1.3305258
103.7463,1.3299285
103.7469,1.327693
103.732925,1.3263336
103.73516,1.3269333
103.73456,1.3291688
103.73233,1.3285693
103.732925,1.3263336
103.73516,1.3269333
103.73739,1.3275328
103.73679,1.3297683
103.73456,1.3291688
103.73516,1.3269333
103.73739,1.3275328
103.73961,1.3281299
103.73901,1.3303655
103.73679,1.3297683
103.73739,1.3275328
103.73961,1.3281299
103.741844,1.3287295
103.74124,1.330965
103.73901,1.3303655
103.73961,1.3281299
103.741844,1.3287295
103.74407,1.329329
103.74348,1.3315645
103.74124,1.330965
103.741844,1.3287295
103.74407,1.329329
103.7463,1.3299285
103.745705,1.3321642
103.74348,1.3315645
103.74407,1.329329
103.7463,1.3299285
103.74853,1.3305258
103.747925,1.3327613
103.745705,1.3321642
103.7463,1.3299285
103.73233,1.3285693
103.73456,1.3291688
103.73396,1.3314043
103.731735,1.3308048
103.73233,1.3285693
103.73456,1.3291688
103.73679,1.3297683
103.7362,1.332004
103.73396,1.3314043
103.73456,1.3291688
103.73679,1.3297683
103.73901,1.3303655
103.73842,1.3326011
103.7362,1.332004
103.73679,1.3297683
103.73901,1.3303655
103.74124,1.330965
103.74065,1.3332007
103.73842,1.3326011
103.73901,1.3303655
103.74124,1.330965
103.74348,1.3315645
103.74288,1.3338002
103.74065,1.3332007
103.74124,1.330965
103.74348,1.3315645
103.745705,1.3321642
103.74511,1.3343997
103.74288,1.3338002
103.74348,1.3315645
103.745705,1.3321642
103.747925,1.3327613
103.74733,1.3349969
103.74511,1.3343997
103.745705,1.3321642
103.731735,1.3308048
103.73396,1.3314043
103.73337,1.33364
103.73114,1.3330405
103.731735,1.3308048
103.73396,1.3314043
103.7362,1.332004
103.735596,1.3342395
103.73337,1.33364
103.73396,1.3314043
103.7362,1.332004
103.73842,1.3326011
103.73782,1.3348367
103.735596,1.3342395
103.7362,1.332004
103.73842,1.3326011
103.74065,1.3332007
103.74005,1.3354362
103.73782,1.3348367
103.73842,1.3326011
103.74065,1.3332007
103.74288,1.3338002
103.74228,1.3360357
103.74005,1.3354362
103.74065,1.3332007
103.74288,1.3338002
103.74511,1.3343997
103.744514,1.3366354
103.74228,1.3360357
103.74288,1.3338002
103.74511,1.3343997
103.74733,1.3349969
103.746735,1.3372325
103.744514,1.3366354
103.74511,1.3343997
103.73114,1.3330405
103.73337,1.33364
103.73277,1.3358755
103.73054,1.335276
103.73114,1.3330405
103.73337,1.33364
103.735596,1.3342395
103.735,1.3364751
103.73277,1.3358755
103.73337,1.33364
103.735596,1.3342395
103.73782,1.3348367
103.73722,1.3370723
103.735,1.3364751
103.735596,1.3342395
103.73782,1.3348367
103.74005,1.3354362
103.739456,1.3376718
103.73722,1.3370723
103.73782,1.3348367
103.74005,1.3354362
103.74228,1.3360357
103.741684,1.3382714
103.739456,1.3376718
103.74005,1.3354362
103.74228,1.3360357
103.744514,1.3366354
103.74391,1.3388709
103.741684,1.3382714
103.74228,1.3360357
103.744514,1.3366354
103.746735,1.3372325
103.74614,1.3394681
103.74391,1.3388709
103.744514,1.3366354
103.73054,1.335276
103.73277,1.3358755
103.73217,1.3381112
103.72994,1.3375115
103.73054,1.335276
103.73277,1.3358755
103.735,1.3364751
103.734406,1.3387107
103.73217,1.3381112
103.73277,1.3358755
103.735,1.3364751
103.73722,1.3370723
103.736626,1.3393079
103.734406,1.3387107
103.735,1.3364751
103.73722,1.3370723
103.739456,1.3376718
103.73885,1.3399074
103.736626,1.3393079
103.73722,1.3370723
103.739456,1.3376718
103.741684,1.3382714
103.74109,1.3405069
103.73885,1.3399074
103.739456,1.3376718
103.741684,1.3382714
103.74391,1.3388709
103.74332,1.3411064
103.74109,1.3405069
103.741684,1.3382714
103.74391,1.3388709
103.74614,1.3394681
103.74554,1.3417037
103.74332,1.3411064
103.74391,1.3388709
103.736206,1.3239022
103.738434,1.3245019
103.73784,1.3267374
103.73561,1.3261379
103.736206,1.3239022
103.738434,1.3245019
103.74067,1.3251014
103.74007,1.3273369
103.73784,1.3267374
103.738434,1.3245019
103.74067,1.3251014
103.74289,1.3256986
103.742294,1.3279341
103.74007,1.3273369
103.74067,1.3251014
103.74289,1.3256986
103.74512,1.3262981
103.74452,1.3285336
103.742294,1.3279341
103.74289,1.3256986
103.74512,1.3262981
103.74735,1.3268976
103.74675,1.3291333
103.74452,1.3285336
103.74512,1.3262981
103.74735,1.3268976
103.74958,1.3274971
103.748985,1.3297328
103.74675,1.3291333
103.74735,1.3268976
103.74958,1.3274971
103.7518,1.3280944
103.751205,1.33033
103.748985,1.3297328
103.74958,1.3274971
103.73561,1.3261379
103.73784,1.3267374
103.73724,1.328973
103.73501,1.3283734
103.73561,1.3261379
103.73784,1.3267374
103.74007,1.3273369
103.73947,1.3295726
103.73724,1.328973
103.73784,1.3267374
103.74007,1.3273369
103.742294,1.3279341
103.74169,1.3301698
103.73947,1.3295726
103.74007,1.3273369
103.742294,1.3279341
103.74452,1.3285336
103.74393,1.3307693
103.74169,1.3301698
103.742294,1.3279341
103.74452,1.3285336
103.74675,1.3291333
103.746155,1.3313688
103.74393,1.3307693
103.74452,1.3285336
103.74675,1.3291333
103.748985,1.3297328
103.74838,1.3319683
103.746155,1.3313688
103.74675,1.3291333
103.748985,1.3297328
103.751205,1.33033
103.75061,1.3325655
103.74838,1.3319683
103.748985,1.3297328
103.73501,1.3283734
103.73724,1.328973
103.73664,1.3312086
103.73441,1.3306091
103.73501,1.3283734
103.73724,1.328973
103.73947,1.3295726
103.73888,1.3318081
103.73664,1.3312086
103.73724,1.328973
103.73947,1.3295726
103.74169,1.3301698
103.7411,1.3324053
103.73888,1.3318081
103.73947,1.3295726
103.74169,1.3301698
103.74393,1.3307693
103.743324,1.3330048
103.7411,1.3324053
103.74169,1.3301698
103.74393,1.3307693
103.746155,1.3313688
103.74556,1.3336043
103.743324,1.3330048
103.74393,1.3307693
103.746155,1.3313688
103.74838,1.3319683
103.74779,1.334204
103.74556,1.3336043
103.746155,1.3313688
103.74838,1.3319683
103.75061,1.3325655
103.75001,1.3348011
103.74779,1.334204
103.74838,1.3319683
103.73441,1.3306091
103.73664,1.3312086
103.736046,1.3334441
103.73382,1.3328446
103.73441,1.3306091
103.73664,1.3312086
103.73888,1.3318081
103.73827,1.3340437
103.736046,1.3334441
103.73664,1.3312086
103.73888,1.3318081
103.7411,1.3324053
103.7405,1.3346409
103.73827,1.3340437
103.73888,1.3318081
103.7411,1.3324053
103.743324,1.3330048
103.74273,1.3352405
103.7405,1.3346409
103.7411,1.3324053
103.743324,1.3330048
103.74556,1.3336043
103.74496,1.33584
103.74273,1.3352405
103.743324,1.3330048
103.74556,1.3336043
103.74779,1.334204
103.74719,1.3364395
103.74496,1.33584
103.74556,1.3336043
103.74779,1.334204
103.75001,1.3348011
103.74941,1.3370367
103.74719,1.3364395
103.74779,1.334204
103.73382,1.3328446
103.736046,1.3334441
103.73545,1.3356798
103.733215,1.3350803
103.73382,1.3328446
103.736046,1.3334441
103.73827,1.3340437
103.73768,1.3362793
103.73545,1.3356798
103.736046,1.3334441
103.73827,1.3340437
103.7405,1.3346409
103.7399,1.3368765
103.73768,1.3362793
103.73827,1.3340437
103.7405,1.3346409
103.74273,1.3352405
103.742134,1.337476
103.7399,1.3368765
103.7405,1.3346409
103.74273,1.3352405
103.74496,1.33584
103.74436,1.3380755
103.742134,1.337476
103.74273,1.3352405
103.74496,1.33584
103.74719,1.3364395
103.7466,1.3386751
103.74436,1.3380755
103.74496,1.33584
103.74719,1.3364395
103.74941,1.3370367
103.74882,1.3392723
103.7466,1.3386751
103.74719,1.3364395
103.733215,1.3350803
103.73545,1.3356798
103.734856,1.3379153
103.73262,1.3373158
103.733215,1.3350803
103.73545,1.3356798
103.73768,1.3362793
103.73708,1.3385149
103.734856,1.3379153
103.73545,1.3356798
103.73768,1.3362793
103.7399,1.3368765
103.7393,1.339112
103.73708,1.3385149
103.73768,1.3362793
103.7399,1.3368765
103.742134,1.337476
103.74154,1.3397117
103.7393,1.339112
103.7399,1.3368765
103.742134,1.337476
103.74436,1.3380755
103.74377,1.3403112
103.74154,1.3397117
103.742134,1.337476
103.74436,1.3380755
103.7466,1.3386751
103.745995,1.3409107
103.74377,1.3403112
103.74436,1.3380755
103.7466,1.3386751
103.74882,1.3392723
103.74822,1.3415079
103.745995,1.3409107
103.7466,1.3386751
103.73262,1.3373158
103.734856,1.3379153
103.73425,1.340151
103.732025,1.3395514
103.73262,1.3373158
103.734856,1.3379153
103.73708,1.3385149
103.73649,1.3407505
103.73425,1.340151
103.734856,1.3379153
103.73708,1.3385149
103.7393,1.339112
103.73871,1.3413477
103.73649,1.3407505
103.73708,1.3385149
103.7393,1.339112
103.74154,1.3397117
103.74094,1.3419472
103.73871,1.3413477
103.7393,1.339112
103.74154,1.3397117
103.74377,1.3403112
103.74317,1.3425467
103.74094,1.3419472
103.74154,1.3397117
103.74377,1.3403112
103.745995,1.3409107
103.7454,1.3431463
103.74317,1.3425467
103.74377,1.3403112
103.745995,1.3409107
103.74822,1.3415079
103.74762,1.3437434
103.7454,1.3431463
103.745995,1.3409107
103.73702,1.3253211
103.73926,1.3259206
103.73866,1.3281561
103.73643,1.3275566
103.73702,1.3253211
103.73926,1.3259206
103.741486,1.3265201
103.74089,1.3287557
103.73866,1.3281561
103.73926,1.3259206
103.741486,1.3265201
103.743706,1.3271173
103.74311,1.3293529
103.74089,1.3287557
103.741486,1.3265201
103.743706,1.3271173
103.74594,1.3277168
103.745346,1.3299524
103.74311,1.3293529
103.743706,1.3271173
103.74594,1.3277168
103.74817,1.3283163
103.747574,1.330552
103.745346,1.3299524
103.74594,1.3277168
103.74817,1.3283163
103.750404,1.328916
103.7498,1.3311515
103.747574,1.330552
103.74817,1.3283163
103.73643,1.3275566
103.73866,1.3281561
103.73806,1.3303918
103.73583,1.3297921
103.73643,1.3275566
103.73866,1.3281561
103.74089,1.3287557
103.740295,1.3309913
103.73806,1.3303918
103.73866,1.3281561
103.74089,1.3287557
103.74311,1.3293529
103.742516,1.3315885
103.740295,1.3309913
103.74089,1.3287557
103.74311,1.3293529
103.745346,1.3299524
103.74474,1.332188
103.742516,1.3315885
103.74311,1.3293529
103.745346,1.3299524
103.747574,1.330552
103.74698,1.3327875
103.74474,1.332188
103.745346,1.3299524
103.747574,1.330552
103.7498,1.3311515
103.74921,1.333387
103.74698,1.3327875
103.747574,1.330552
103.73583,1.3297921
103.73806,1.3303918
103.737465,1.3326273
103.73524,1.3320278
103.73583,1.3297921
103.73806,1.3303918
103.740295,1.3309913
103.73969,1.3332268
103.737465,1.3326273
103.73806,1.3303918
103.740295,1.3309913
103.742516,1.3315885
103.74192,1.333824
103.73969,1.3332268
103.740295,1.3309913
103.742516,1.3315885
103.74474,1.332188
103.74415,1.3344235
103.74192,1.333824
103.742516,1.3315885
103.74474,1.332188
103.74698,1.3327875
103.746376,1.3350232
103.74415,1.3344235
103.74474,1.332188
103.74698,1.3327875
103.74921,1.333387
103.74861,1.3356227
103.746376,1.3350232
103.74698,1.3327875
103.73524,1.3320278
103.737465,1.3326273
103.73687,1.334863
103.734634,1.3342633
103.73524,1.3320278
103.737465,1.3326273
103.73969,1.3332268
103.7391,1.3354625
103.73687,1.334863
103.737465,1.3326273
103.73969,1.3332268
103.74192,1.333824
103.74132,1.3360597
103.7391,1.3354625
103.73969,1.3332268
103.74192,1.333824
103.74415,1.3344235
103.74355,1.3366592
103.74132,1.3360597
103.74192,1.333824
103.74415,1.3344235
103.746376,1.3350232
103.74578,1.3372587
103.74355,1.3366592
103.74415,1.3344235
103.746376,1.3350232
103.74861,1.3356227
103.74801,1.3378582
103.74578,1.3372587
103.746376,1.3350232
103.734634,1.3342633
103.73687,1.334863
103.73627,1.3370985
103.73404,1.336499
103.734634,1.3342633
103.73687,1.334863
103.7391,1.3354625
103.7385,1.337698
103.73627,1.3370985
103.73687,1.334863
103.7391,1.3354625
103.74132,1.3360597
103.74072,1.3382952
103.7385,1.337698
103.7391,1.3354625
103.74132,1.3360597
103.74355,1.3366592
103.74295,1.3388947
103.74072,1.3382952
103.74132,1.3360597
103.74355,1.3366592
103.74578,1.3372587
103.745186,1.3394943
103.74295,1.3388947
103.74355,1.3366592
103.74578,1.3372587
103.74801,1.3378582
103.74741,1.3400939
103.745186,1.3394943
103.74578,1.3372587
103.73404,1.336499
103.73627,1.3370985
103.73567,1.3393341
103.733444,1.3387345
103.73404,1.336499
103.73627,1.3370985
103.7385,1.337698
103.73791,1.3399336
103.73567,1.3393341
103.73627,1.3370985
103.7385,1.337698
103.74072,1.3382952
103.74013,1.3405308
103.73791,1.3399336
103.7385,1.337698
103.74072,1.3382952
103.74295,1.3388947
103.742355,1.3411304
103.74013,1.3405308
103.74072,1.3382952
103.74295,1.3388947
103.745186,1.3394943
103.74459,1.3417299
103.742355,1.3411304
103.74295,1.3388947
103.745186,1.3394943
103.74741,1.3400939
103.74682,1.3423294
103.74459,1.3417299
103.745186,1.3394943
103.73784,1.3267374
103.74007,1.3273369
103.73947,1.3295726
103.73724,1.328973
103.73784,1.3267374
103.74007,1.3273369
103.7423,1.3279365
103.7417,1.3301721
103.73947,1.3295726
103.74007,1.3273369
103.7423,1.3279365
103.74452,1.3285336
103.74393,1.3307693
103.7417,1.3301721
103.7423,1.3279365
103.74452,1.3285336
103.74675,1.3291333
103.746155,1.3313688
103.74393,1.3307693
103.74452,1.3285336
103.74675,1.3291333
103.748985,1.3297328
103.74838,1.3319683
103.746155,1.3313688
103.74675,1.3291333
103.73724,1.328973
103.73947,1.3295726
103.73888,1.3318081
103.73664,1.3312086
103.73724,1.328973
103.73947,1.3295726
103.7417,1.3301721
103.741104,1.3324077
103.73888,1.3318081
103.73947,1.3295726
103.7417,1.3301721
103.74393,1.3307693
103.743324,1.3330048
103.741104,1.3324077
103.7417,1.3301721
103.74393,1.3307693
103.746155,1.3313688
103.74556,1.3336043
103.743324,1.3330048
103.74393,1.3307693
103.746155,1.3313688
103.74838,1.3319683
103.74779,1.334204
103.74556,1.3336043
103.746155,1.3313688
103.73664,1.3312086
103.73888,1.3318081
103.73827,1.3340437
103.736046,1.3334441
103.73664,1.3312086
103.73888,1.3318081
103.741104,1.3324077
103.74051,1.3346432
103.73827,1.3340437
103.73888,1.3318081
103.741104,1.3324077
103.743324,1.3330048
103.74273,1.3352405
103.74051,1.3346432
103.741104,1.3324077
103.743324,1.3330048
103.74556,1.3336043
103.74496,1.33584
103.74273,1.3352405
103.743324,1.3330048
103.74556,1.3336043
103.74779,1.334204
103.74719,1.3364395
103.74496,1.33584
103.74556,1.3336043
103.736046,1.3334441
103.73827,1.3340437
103.73768,1.3362793
103.73545,1.3356798
103.736046,1.3334441
103.73827,1.3340437
103.74051,1.3346432
103.739914,1.3368788
103.73768,1.3362793
103.73827,1.3340437
103.74051,1.3346432
103.74273,1.3352405
103.742134,1.337476
103.739914,1.3368788
103.74051,1.3346432
103.74273,1.3352405
103.74496,1.33584
103.74436,1.3380755
103.742134,1.337476
103.74273,1.3352405
103.74496,1.33584
103.74719,1.3364395
103.7466,1.3386751
103.74436,1.3380755
103.74496,1.33584
103.73545,1.3356798
103.73768,1.3362793
103.73708,1.3385149
103.734856,1.3379153
103.73545,1.3356798
103.73768,1.3362793
103.739914,1.3368788
103.73931,1.3391144
103.73708,1.3385149
103.73768,1.3362793
103.739914,1.3368788
103.742134,1.337476
103.74154,1.3397117
103.73931,1.3391144
103.739914,1.3368788
103.742134,1.337476
103.74436,1.3380755
103.74377,1.3403112
103.74154,1.3397117
103.742134,1.337476
103.74436,1.3380755
103.7466,1.3386751
103.745995,1.3409107
103.74377,1.3403112
103.74436,1.3380755
103.73865,1.3281538
103.74088,1.3287534
103.74028,1.3309889
103.73805,1.3303894
103.73865,1.3281538
103.74088,1.3287534
103.74311,1.3293529
103.742516,1.3315885
103.74028,1.3309889
103.74088,1.3287534
103.74311,1.3293529
103.74533,1.3299501
103.744736,1.3321856
103.742516,1.3315885
103.74311,1.3293529
103.74533,1.3299501
103.74757,1.3305496
103.74696,1.3327852
103.744736,1.3321856
103.74533,1.3299501
103.73805,1.3303894
103.74028,1.3309889
103.739685,1.3332245
103.73746,1.332625
103.73805,1.3303894
103.74028,1.3309889
103.742516,1.3315885
103.74192,1.333824
103.739685,1.3332245
103.74028,1.3309889
103.742516,1.3315885
103.744736,1.3321856
103.74414,1.3344213
103.74192,1.333824
103.742516,1.3315885
103.744736,1.3321856
103.74696,1.3327852
103.74637,1.3350208
103.74414,1.3344213
103.744736,1.3321856
103.73746,1.332625
103.739685,1.3332245
103.73909,1.3354601
103.73686,1.3348606
103.73746,1.332625
103.739685,1.3332245
103.74192,1.333824
103.74132,1.3360597
103.73909,1.3354601
103.739685,1.3332245
103.74192,1.333824
103.74414,1.3344213
103.743546,1.3366568
103.74132,1.3360597
103.74192,1.333824
103.74414,1.3344213
103.74637,1.3350208
103.74577,1.3372563
103.743546,1.3366568
103.74414,1.3344213
103.73686,1.3348606
103.73909,1.3354601
103.738495,1.3376957
103.73626,1.3370962
103.73686,1.3348606
103.73909,1.3354601
103.74132,1.3360597
103.74072,1.3382952
103.738495,1.3376957
103.73909,1.3354601
103.74132,1.3360597
103.743546,1.3366568
103.74294,1.3388925
103.74072,1.3382952
103.74132,1.3360597
103.743546,1.3366568
103.74577,1.3372563
103.74518,1.339492
103.74294,1.3388925
103.743546,1.3366568
